N-gram Similarity,Levenshtein Similarity,Contract Address,File Path
100.00,100.00,0x59a921db27dd6d4d974745b7ffc5c33932653442,../../../../Git/cpg-contract-checker/data-collection/source-code/smart-contract-sanctuary-ethereum/contracts/mainnet/59/59a921db27dd6d4d974745b7ffc5c33932653442_WrappedmGOOGL.sol
100.00,100.00,0x9d1555d8cb3c846bb4f7d5b1b1080872c3166676,../../../../Git/cpg-contract-checker/data-collection/source-code/smart-contract-sanctuary-ethereum/contracts/mainnet/9d/9d1555d8cb3c846bb4f7d5b1b1080872c3166676_WrappedmSLV.sol
100.00,100.00,0x0cae9e4d663793c2a2a0b211c1cf4bbca2b9caa7,../../../../Git/cpg-contract-checker/data-collection/source-code/smart-contract-sanctuary-ethereum/contracts/mainnet/0c/0cae9e4d663793c2a2a0b211c1cf4bbca2b9caa7_WrappedmAMZN.sol
100.00,100.00,0xa47c8bf37f92abed4a126bda807a7b7498661acd,../../../../Git/cpg-contract-checker/data-collection/source-code/smart-contract-sanctuary-ethereum/contracts/mainnet/a4/a47c8bf37f92abed4a126bda807a7b7498661acd_WrappedUST.sol
100.00,100.00,0x676ad1b33ae6423c6618c1aecf53baa29cf39ee5,../../../../Git/cpg-contract-checker/data-collection/source-code/smart-contract-sanctuary-ethereum/contracts/mainnet/67/676ad1b33ae6423c6618c1aecf53baa29cf39ee5_WrappedSDT.sol
100.00,100.00,0x21ca39943e91d704678f5d00b6616650f066fd63,../../../../Git/cpg-contract-checker/data-collection/source-code/smart-contract-sanctuary-ethereum/contracts/mainnet/21/21ca39943e91d704678f5d00b6616650f066fd63_WrappedmTSLA.sol
100.00,100.00,0xc8d674114bac90148d11d3c1d33c61835a0f9dcd,../../../../Git/cpg-contract-checker/data-collection/source-code/smart-contract-sanctuary-ethereum/contracts/mainnet/c8/c8d674114bac90148d11d3c1d33c61835a0f9dcd_WrappedmNFLX.sol
100.00,100.00,0xd2877702675e6ceb975b4a1dff9fb7baf4c91ea9,../../../../Git/cpg-contract-checker/data-collection/source-code/smart-contract-sanctuary-ethereum/contracts/mainnet/d2/d2877702675e6ceb975b4a1dff9fb7baf4c91ea9_WrappedLuna.sol
100.00,100.00,0xd36932143f6ebdedd872d5fb0651f4b72fd15a84,../../../../Git/cpg-contract-checker/data-collection/source-code/smart-contract-sanctuary-ethereum/contracts/mainnet/d3/d36932143f6ebdedd872d5fb0651f4b72fd15a84_WrappedmAAPL.sol
100.00,100.00,0xcaaff72a8cbbfc5cf343ba4e26f65a257065bff1,../../../../Git/cpg-contract-checker/data-collection/source-code/smart-contract-sanctuary-ethereum/contracts/mainnet/ca/caaff72a8cbbfc5cf343ba4e26f65a257065bff1_WrappedKRT.sol
100.00,100.00,0xedb0414627e6f1e3f082de65cd4f9c693d78cca9,../../../../Git/cpg-contract-checker/data-collection/source-code/smart-contract-sanctuary-ethereum/contracts/mainnet/ed/edb0414627e6f1e3f082de65cd4f9c693d78cca9_WrappedmTWTR.sol
100.00,100.00,0x13b02c8de71680e71f0820c996e4be43c2f57d15,../../../../Git/cpg-contract-checker/data-collection/source-code/smart-contract-sanctuary-ethereum/contracts/mainnet/13/13b02c8de71680e71f0820c996e4be43c2f57d15_WrappedmQQQ.sol
100.00,100.00,0x41bbedd7286daab5910a1f15d12cbda839852bd7,../../../../Git/cpg-contract-checker/data-collection/source-code/smart-contract-sanctuary-ethereum/contracts/mainnet/41/41bbedd7286daab5910a1f15d12cbda839852bd7_WrappedmMSFT.sol
100.00,100.00,0x1d350417d9787e000cc1b95d70e9536dcd91f373,../../../../Git/cpg-contract-checker/data-collection/source-code/smart-contract-sanctuary-ethereum/contracts/mainnet/1d/1d350417d9787e000cc1b95d70e9536dcd91f373_WrappedmIAU.sol
100.00,100.00,0x31c63146a635eb7465e5853020b39713ac356991,../../../../Git/cpg-contract-checker/data-collection/source-code/smart-contract-sanctuary-ethereum/contracts/mainnet/31/31c63146a635eb7465e5853020b39713ac356991_WrappedmUSO.sol
100.00,100.00,0xf72fcd9dcf0190923fadd44811e240ef4533fc86,../../../../Git/cpg-contract-checker/data-collection/source-code/smart-contract-sanctuary-ethereum/contracts/mainnet/f7/f72fcd9dcf0190923fadd44811e240ef4533fc86_WrappedmVIXY.sol
100.00,100.00,0x156b36ec68fdbf84a925230ba96cb1ca4c4bde45,../../../../Git/cpg-contract-checker/data-collection/source-code/smart-contract-sanctuary-ethereum/contracts/mainnet/15/156b36ec68fdbf84a925230ba96cb1ca4c4bde45_WrappedMNT.sol
100.00,100.00,0xad5e8b98b28ff14469644c86d4047fe00bd8cb30,../../../../Git/cpg-contract-checker/data-collection/source-code/smart-contract-sanctuary-ethereum/contracts/mainnet/ad/ad5e8b98b28ff14469644c86d4047fe00bd8cb30_MGAStablecoin.sol
100.00,100.00,0xa93D5Cfaa41193b13321c035b4bDD2B534172762,../../../../Git/cpg-contract-checker/data-collection/source-code/smart-contract-sanctuary-ethereum/contracts/mainnet/a9/a93D5Cfaa41193b13321c035b4bDD2B534172762_Dream.sol
100.00,100.00,0xA78c124B4F7368adDE6a74D32eD9C369fe016F20,../../../../Git/cpg-contract-checker/data-collection/source-code/smart-contract-sanctuary-ethereum/contracts/mainnet/a7/A78c124B4F7368adDE6a74D32eD9C369fe016F20_SudoInu.sol
100.00,100.00,0xD6040849CBCcA621686Ad20f6f812b8B04c972C2,../../../../Git/cpg-contract-checker/data-collection/source-code/smart-contract-sanctuary-ethereum/contracts/mainnet/d6/D6040849CBCcA621686Ad20f6f812b8B04c972C2_Tori.sol
100.00,100.00,0x28f597f4a9c8b21a2009dcb3b6fe05c62c98a060,../../../../Git/cpg-contract-checker/data-collection/source-code/smart-contract-sanctuary-ethereum/contracts/mainnet/28/28f597f4a9c8b21a2009dcb3b6fe05c62c98a060_PonziToken.sol
100.00,100.00,0xeb06558522898f42df6607dafd1038d2278ef832,../../../../Git/cpg-contract-checker/data-collection/source-code/smart-contract-sanctuary-ethereum/contracts/mainnet/eb/eb06558522898f42df6607dafd1038d2278ef832_CiteriumLand.sol
100.00,100.00,0x9b57dc813cc32d20b1f363956fbe64ff9550d1b8,../../../../Git/cpg-contract-checker/data-collection/source-code/smart-contract-sanctuary-ethereum/contracts/mainnet/9b/9b57dc813cc32d20b1f363956fbe64ff9550d1b8_Samurai.sol
100.00,100.00,0x9bd670d85e4e7cde6ba1b48cc23d12a4ab27655d,../../../../Git/cpg-contract-checker/data-collection/source-code/smart-contract-sanctuary-ethereum/contracts/mainnet/9b/9bd670d85e4e7cde6ba1b48cc23d12a4ab27655d_NULRV.sol
100.00,100.00,0x0bb773feec5cb802a9cfe7f03f9bbb326823ea3f,../../../../Git/cpg-contract-checker/data-collection/source-code/smart-contract-sanctuary-ethereum/contracts/mainnet/0b/0bb773feec5cb802a9cfe7f03f9bbb326823ea3f_IS.sol
100.00,100.00,0x698d1f74de50aa36636137b4b63383ca73307002,../../../../Git/cpg-contract-checker/data-collection/source-code/smart-contract-sanctuary-ethereum/contracts/mainnet/69/698d1f74de50aa36636137b4b63383ca73307002_snaps.sol
100.00,100.00,0xda44bf525dd57f9f6a9dcb0ab51b905ed6614914,../../../../Git/cpg-contract-checker/data-collection/source-code/smart-contract-sanctuary-ethereum/contracts/mainnet/da/da44bf525dd57f9f6a9dcb0ab51b905ed6614914_chAIrs.sol
100.00,100.00,0x3e32623218326d4dfddf2e14158ad26c9220dfff,../../../../Git/cpg-contract-checker/data-collection/source-code/smart-contract-sanctuary-ethereum/contracts/mainnet/3e/3e32623218326d4dfddf2e14158ad26c9220dfff_TROPO.sol
100.00,100.00,0x5acdbb6353ea69cf347b7f1e902ad68ab1d2521b,../../../../Git/cpg-contract-checker/data-collection/source-code/smart-contract-sanctuary-ethereum/contracts/mainnet/5a/5acdbb6353ea69cf347b7f1e902ad68ab1d2521b_KYE.sol
100.00,100.00,0xad893cb3361e363c3d276af00470b50579e247bf,../../../../Git/cpg-contract-checker/data-collection/source-code/smart-contract-sanctuary-ethereum/contracts/mainnet/ad/ad893cb3361e363c3d276af00470b50579e247bf_IOMEMBER2022.sol
100.00,100.00,0xa4987d81274b2abcb519fa6db4b9b22768e208ba,../../../../Git/cpg-contract-checker/data-collection/source-code/smart-contract-sanctuary-ethereum/contracts/mainnet/a4/a4987d81274b2abcb519fa6db4b9b22768e208ba_FMA.sol
100.00,100.00,0x0b43c9742bae1d9c3dd443875fd208278b5b2ea2,../../../../Git/cpg-contract-checker/data-collection/source-code/smart-contract-sanctuary-ethereum/contracts/mainnet/0b/0b43c9742bae1d9c3dd443875fd208278b5b2ea2_ANIM.sol
100.00,100.00,0x0b233153df5cfb0a3f45290fae4284a0c9f453e7,../../../../Git/cpg-contract-checker/data-collection/source-code/smart-contract-sanctuary-ethereum/contracts/mainnet/0b/0b233153df5cfb0a3f45290fae4284a0c9f453e7_VW.sol
100.00,100.00,0x0d003f430c82e54d634f763d74b1b366aac7b7b0,../../../../Git/cpg-contract-checker/data-collection/source-code/smart-contract-sanctuary-ethereum/contracts/mainnet/0d/0d003f430c82e54d634f763d74b1b366aac7b7b0_MNYSU.sol
100.00,100.00,0x3e92b8df783d9d9e74755ce9bf1a0d89d0a3dbf0,../../../../Git/cpg-contract-checker/data-collection/source-code/smart-contract-sanctuary-ethereum/contracts/mainnet/3e/3e92b8df783d9d9e74755ce9bf1a0d89d0a3dbf0_CORN.sol
100.00,100.00,0x3e748c847b4c8333c2621e51ca1d9cb2c7e76d77,../../../../Git/cpg-contract-checker/data-collection/source-code/smart-contract-sanctuary-ethereum/contracts/mainnet/3e/3e748c847b4c8333c2621e51ca1d9cb2c7e76d77_Treasure.sol
100.00,100.00,0x0d3f63d0154054f4c8a131078a22371aa372bb8c,../../../../Git/cpg-contract-checker/data-collection/source-code/smart-contract-sanctuary-ethereum/contracts/mainnet/0d/0d3f63d0154054f4c8a131078a22371aa372bb8c_SMP.sol
100.00,100.00,0xad1cac18c291fcc9b62da4e19bb336b7250a5433,../../../../Git/cpg-contract-checker/data-collection/source-code/smart-contract-sanctuary-ethereum/contracts/mainnet/ad/ad1cac18c291fcc9b62da4e19bb336b7250a5433_HoK.sol
100.00,100.00,0x3ca6ee37f94d67fa42915f44c18b20a275c878be,../../../../Git/cpg-contract-checker/data-collection/source-code/smart-contract-sanctuary-ethereum/contracts/mainnet/3c/3ca6ee37f94d67fa42915f44c18b20a275c878be_AFS.sol
100.00,100.00,0x0b51a7395623f2b50c44a059fb64291aa054f6a0,../../../../Git/cpg-contract-checker/data-collection/source-code/smart-contract-sanctuary-ethereum/contracts/mainnet/0b/0b51a7395623f2b50c44a059fb64291aa054f6a0_DSA.sol
100.00,100.00,0xa449fce635737f9ab4a6136547ac8710b753c760,../../../../Git/cpg-contract-checker/data-collection/source-code/smart-contract-sanctuary-ethereum/contracts/mainnet/a4/a449fce635737f9ab4a6136547ac8710b753c760_MNTL.sol
100.00,100.00,0x3e7cf783459d8ec54e971fa434c9059c01cfbf07,../../../../Git/cpg-contract-checker/data-collection/source-code/smart-contract-sanctuary-ethereum/contracts/mainnet/3e/3e7cf783459d8ec54e971fa434c9059c01cfbf07_AMBI.sol
100.00,100.00,0x69d86ce802285d3295f52a3fd3a002b4059a3425,../../../../Git/cpg-contract-checker/data-collection/source-code/smart-contract-sanctuary-ethereum/contracts/mainnet/69/69d86ce802285d3295f52a3fd3a002b4059a3425_ANA.sol
100.00,100.00,0x5a121e316356197ae0724983efd24743c804ad99,../../../../Git/cpg-contract-checker/data-collection/source-code/smart-contract-sanctuary-ethereum/contracts/mainnet/5a/5a121e316356197ae0724983efd24743c804ad99_SDB.sol
100.00,100.00,0x69f51a7a9c8eecfe97b5d2f1323ceae0136e8df6,../../../../Git/cpg-contract-checker/data-collection/source-code/smart-contract-sanctuary-ethereum/contracts/mainnet/69/69f51a7a9c8eecfe97b5d2f1323ceae0136e8df6_Unity.sol
100.00,100.00,0xad338184f62eb40d696de6e2720beadaa21ca1cb,../../../../Git/cpg-contract-checker/data-collection/source-code/smart-contract-sanctuary-ethereum/contracts/mainnet/ad/ad338184f62eb40d696de6e2720beadaa21ca1cb_MTSCL.sol
100.00,100.00,0x0d9abdbd2a38304eca157e4c6a6693e9ed2e275e,../../../../Git/cpg-contract-checker/data-collection/source-code/smart-contract-sanctuary-ethereum/contracts/mainnet/0d/0d9abdbd2a38304eca157e4c6a6693e9ed2e275e_HM.sol
100.00,100.00,0xda7ff56217ca0f4b12096026b151159b8569d21f,../../../../Git/cpg-contract-checker/data-collection/source-code/smart-contract-sanctuary-ethereum/contracts/mainnet/da/da7ff56217ca0f4b12096026b151159b8569d21f_PCS.sol
100.00,100.00,0x9bc0b4bdd7edc2e493d6b047d2db87fb8b31725f,../../../../Git/cpg-contract-checker/data-collection/source-code/smart-contract-sanctuary-ethereum/contracts/mainnet/9b/9bc0b4bdd7edc2e493d6b047d2db87fb8b31725f_VRcot.sol
100.00,100.00,0xa49de8c40c511e6dbd3cfb995b92dd1891120b63,../../../../Git/cpg-contract-checker/data-collection/source-code/smart-contract-sanctuary-ethereum/contracts/mainnet/a4/a49de8c40c511e6dbd3cfb995b92dd1891120b63_SYMBL.sol
100.00,100.00,0xa44532d67005042e8f60aa3ca5087cf49a2e1b78,../../../../Git/cpg-contract-checker/data-collection/source-code/smart-contract-sanctuary-ethereum/contracts/mainnet/a4/a44532d67005042e8f60aa3ca5087cf49a2e1b78_ZEBRAFUD.sol
100.00,100.00,0x3eb9eb8c23bc97e4db5b634ae1e24ed5624640a7,../../../../Git/cpg-contract-checker/data-collection/source-code/smart-contract-sanctuary-ethereum/contracts/mainnet/3e/3eb9eb8c23bc97e4db5b634ae1e24ed5624640a7_PAPA.sol
100.00,100.00,0x5ab59d1aae40b71009043ce6a9818ec0aa7c53cf,../../../../Git/cpg-contract-checker/data-collection/source-code/smart-contract-sanctuary-ethereum/contracts/mainnet/5a/5ab59d1aae40b71009043ce6a9818ec0aa7c53cf_KXHT.sol
100.00,100.00,0xda23f33df6cf37a077c1ce11081c3da9bd173190,../../../../Git/cpg-contract-checker/data-collection/source-code/smart-contract-sanctuary-ethereum/contracts/mainnet/da/da23f33df6cf37a077c1ce11081c3da9bd173190_Eyes.sol
100.00,100.00,0x0bf6cf1bd7910027871d1a79ca0863962186be8e,../../../../Git/cpg-contract-checker/data-collection/source-code/smart-contract-sanctuary-ethereum/contracts/mainnet/0b/0bf6cf1bd7910027871d1a79ca0863962186be8e_SNGL0.sol
100.00,100.00,0xd637df24c828c707678cb8c6cbeee39ea8b8eff1,../../../../Git/cpg-contract-checker/data-collection/source-code/smart-contract-sanctuary-ethereum/contracts/mainnet/d6/d637df24c828c707678cb8c6cbeee39ea8b8eff1_RAM.sol
100.00,100.00,0x3c4cfc9e063fb439e77b1186bb1a37915fae0505,../../../../Git/cpg-contract-checker/data-collection/source-code/smart-contract-sanctuary-ethereum/contracts/mainnet/3c/3c4cfc9e063fb439e77b1186bb1a37915fae0505_psywrk.sol
100.00,100.00,0xa4eed88535cadb79e382b6cadcc3b0625ddfb4d5,../../../../Git/cpg-contract-checker/data-collection/source-code/smart-contract-sanctuary-ethereum/contracts/mainnet/a4/a4eed88535cadb79e382b6cadcc3b0625ddfb4d5_LANELANE.sol
100.00,100.00,0x0d56a534a4bbc2ee1e2980a37fa345d0d701bbdc,../../../../Git/cpg-contract-checker/data-collection/source-code/smart-contract-sanctuary-ethereum/contracts/mainnet/0d/0d56a534a4bbc2ee1e2980a37fa345d0d701bbdc_DORDA.sol
100.00,100.00,0x0dded73b30ab4638a244a9a24c893aef4af9e6bc,../../../../Git/cpg-contract-checker/data-collection/source-code/smart-contract-sanctuary-ethereum/contracts/mainnet/0d/0dded73b30ab4638a244a9a24c893aef4af9e6bc_LEVEL5.sol
100.00,100.00,0xda8cb7bd8207e50f944eef83412dc218cbb1b051,../../../../Git/cpg-contract-checker/data-collection/source-code/smart-contract-sanctuary-ethereum/contracts/mainnet/da/da8cb7bd8207e50f944eef83412dc218cbb1b051_LOFI.sol
100.00,100.00,0xa41b370c71eba0a273dd771bbef34bd9e940bc1e,../../../../Git/cpg-contract-checker/data-collection/source-code/smart-contract-sanctuary-ethereum/contracts/mainnet/a4/a41b370c71eba0a273dd771bbef34bd9e940bc1e_InCartersEyes.sol
100.00,100.00,0x6913233ada65330adf01f24f715dffcc60497cc8,../../../../Git/cpg-contract-checker/data-collection/source-code/smart-contract-sanctuary-ethereum/contracts/mainnet/69/6913233ada65330adf01f24f715dffcc60497cc8_FDO.sol
100.00,100.00,0xd63ff720bd1a4e0c50ee8c7d1c430d49f8b74f81,../../../../Git/cpg-contract-checker/data-collection/source-code/smart-contract-sanctuary-ethereum/contracts/mainnet/d6/d63ff720bd1a4e0c50ee8c7d1c430d49f8b74f81_LAB.sol
100.00,100.00,0x0dbf622c99206c7cc77c37c51255c89740998ea1,../../../../Git/cpg-contract-checker/data-collection/source-code/smart-contract-sanctuary-ethereum/contracts/mainnet/0d/0dbf622c99206c7cc77c37c51255c89740998ea1_grxm.sol
100.00,100.00,0xad7fb1752a3be2ba34dd97c3ef1ec2aee0fc3e3a,../../../../Git/cpg-contract-checker/data-collection/source-code/smart-contract-sanctuary-ethereum/contracts/mainnet/ad/ad7fb1752a3be2ba34dd97c3ef1ec2aee0fc3e3a_FDK.sol
100.00,100.00,0xd6e378b9f43f49f503b7a0a84142a899a3526955,../../../../Git/cpg-contract-checker/data-collection/source-code/smart-contract-sanctuary-ethereum/contracts/mainnet/d6/d6e378b9f43f49f503b7a0a84142a899a3526955_SHARK.sol
100.00,100.00,0xa4e13a20048c4377e1db30748ed151f6d60fad23,../../../../Git/cpg-contract-checker/data-collection/source-code/smart-contract-sanctuary-ethereum/contracts/mainnet/a4/a4e13a20048c4377e1db30748ed151f6d60fad23_UF.sol
100.00,100.00,0xa4f7e43eb8d8a67b90dd81f53e22f808c633be94,../../../../Git/cpg-contract-checker/data-collection/source-code/smart-contract-sanctuary-ethereum/contracts/mainnet/a4/a4f7e43eb8d8a67b90dd81f53e22f808c633be94_FOTA.sol
100.00,100.00,0xd63c30b38f6d8d0dc57f240c6b13cb9ad54f5b76,../../../../Git/cpg-contract-checker/data-collection/source-code/smart-contract-sanctuary-ethereum/contracts/mainnet/d6/d63c30b38f6d8d0dc57f240c6b13cb9ad54f5b76_JL.sol
100.00,100.00,0x0d209a5e2b24a5a773d9e6da1931178c0098a7d2,../../../../Git/cpg-contract-checker/data-collection/source-code/smart-contract-sanctuary-ethereum/contracts/mainnet/0d/0d209a5e2b24a5a773d9e6da1931178c0098a7d2_HER.sol
100.00,100.00,0x0bd064c8332cc6f9735f0a9c0419b14634e90cc4,../../../../Git/cpg-contract-checker/data-collection/source-code/smart-contract-sanctuary-ethereum/contracts/mainnet/0b/0bd064c8332cc6f9735f0a9c0419b14634e90cc4_INTEND1976.sol
100.00,100.00,0x69c44f615bda9f2401c1442d9be769dbf3e405a4,../../../../Git/cpg-contract-checker/data-collection/source-code/smart-contract-sanctuary-ethereum/contracts/mainnet/69/69c44f615bda9f2401c1442d9be769dbf3e405a4_AITIST.sol
100.00,100.00,0xa4b31e02c6e91ce07df24b4557dc45af44cfbc34,../../../../Git/cpg-contract-checker/data-collection/source-code/smart-contract-sanctuary-ethereum/contracts/mainnet/a4/a4b31e02c6e91ce07df24b4557dc45af44cfbc34_PHOTON.sol
100.00,100.00,0xadd1f499fbaf15ba5c100ee6a6bbde7286bb1674,../../../../Git/cpg-contract-checker/data-collection/source-code/smart-contract-sanctuary-ethereum/contracts/mainnet/ad/add1f499fbaf15ba5c100ee6a6bbde7286bb1674_Shhh.sol
100.00,100.00,0xa4e89046c9fbb9c03756147cf2a89356f3c03b00,../../../../Git/cpg-contract-checker/data-collection/source-code/smart-contract-sanctuary-ethereum/contracts/mainnet/a4/a4e89046c9fbb9c03756147cf2a89356f3c03b00_SingularityByMendez.sol
100.00,100.00,0x5a6bbcf6da355bc17628ee18c868e27ef7cc7b3f,../../../../Git/cpg-contract-checker/data-collection/source-code/smart-contract-sanctuary-ethereum/contracts/mainnet/5a/5a6bbcf6da355bc17628ee18c868e27ef7cc7b3f_DOSJ.sol
100.00,100.00,0x69360008b5f31d5c46870cc3213a8eed9c720267,../../../../Git/cpg-contract-checker/data-collection/source-code/smart-contract-sanctuary-ethereum/contracts/mainnet/69/69360008b5f31d5c46870cc3213a8eed9c720267_DEV.sol
100.00,100.00,0x0dfca0c89fcceb9a14701898a7e50c2958a2948a,../../../../Git/cpg-contract-checker/data-collection/source-code/smart-contract-sanctuary-ethereum/contracts/mainnet/0d/0dfca0c89fcceb9a14701898a7e50c2958a2948a_GM.sol
100.00,100.00,0x3ee1e168bbbbeb652e16922fa40a24d206d19e01,../../../../Git/cpg-contract-checker/data-collection/source-code/smart-contract-sanctuary-ethereum/contracts/mainnet/3e/3ee1e168bbbbeb652e16922fa40a24d206d19e01_NMLS.sol
100.00,100.00,0x3e03a0a7574d9fe56cab00ab77fca2d9c513bb48,../../../../Git/cpg-contract-checker/data-collection/source-code/smart-contract-sanctuary-ethereum/contracts/mainnet/3e/3e03a0a7574d9fe56cab00ab77fca2d9c513bb48_LHUT.sol
100.00,100.00,0x0d95f96c045797e7757891c70287f6fe3027c18d,../../../../Git/cpg-contract-checker/data-collection/source-code/smart-contract-sanctuary-ethereum/contracts/mainnet/0d/0d95f96c045797e7757891c70287f6fe3027c18d_BC.sol
100.00,100.00,0x0db7decd3ca4dedc5433f46aadd6224e50f971c6,../../../../Git/cpg-contract-checker/data-collection/source-code/smart-contract-sanctuary-ethereum/contracts/mainnet/0d/0db7decd3ca4dedc5433f46aadd6224e50f971c6_DCM.sol
100.00,100.00,0xa4cc046bbb43ec4e6b56ea4fafc208af3df35669,../../../../Git/cpg-contract-checker/data-collection/source-code/smart-contract-sanctuary-ethereum/contracts/mainnet/a4/a4cc046bbb43ec4e6b56ea4fafc208af3df35669_DIX.sol
100.00,100.00,0xd68e80c3f12f8c4ca18782065ad9f8e3a8146d7f,../../../../Git/cpg-contract-checker/data-collection/source-code/smart-contract-sanctuary-ethereum/contracts/mainnet/d6/d68e80c3f12f8c4ca18782065ad9f8e3a8146d7f_HOGS1of1s.sol
100.00,100.00,0x0b0f590ad98ddb3e70fb488ead0f30f5f5f6e644,../../../../Git/cpg-contract-checker/data-collection/source-code/smart-contract-sanctuary-ethereum/contracts/mainnet/0b/0b0f590ad98ddb3e70fb488ead0f30f5f5f6e644_DNG.sol
100.00,100.00,0x9b7ce00bd59bbb8041723c9ac99320835a06b9ee,../../../../Git/cpg-contract-checker/data-collection/source-code/smart-contract-sanctuary-ethereum/contracts/mainnet/9b/9b7ce00bd59bbb8041723c9ac99320835a06b9ee_COTA.sol
100.00,100.00,0x0b005ee20c07a6312e9f24b9f7d6447a18f0f935,../../../../Git/cpg-contract-checker/data-collection/source-code/smart-contract-sanctuary-ethereum/contracts/mainnet/0b/0b005ee20c07a6312e9f24b9f7d6447a18f0f935_LKP.sol
100.00,100.00,0x0beff214a667c6654fc295b8d71434e8dd469bee,../../../../Git/cpg-contract-checker/data-collection/source-code/smart-contract-sanctuary-ethereum/contracts/mainnet/0b/0beff214a667c6654fc295b8d71434e8dd469bee_LUCKY.sol
100.00,100.00,0xd66d4eb46fd6f60caccf8f165c72923768df1fbb,../../../../Git/cpg-contract-checker/data-collection/source-code/smart-contract-sanctuary-ethereum/contracts/mainnet/d6/d66d4eb46fd6f60caccf8f165c72923768df1fbb_METAx2.sol
100.00,100.00,0x3cd54fdc044b40f5e4c8f0727121d15f8a4d84cb,../../../../Git/cpg-contract-checker/data-collection/source-code/smart-contract-sanctuary-ethereum/contracts/mainnet/3c/3cd54fdc044b40f5e4c8f0727121d15f8a4d84cb_ISOML.sol
100.00,100.00,0x0b1d5cf1f48430b7e8fbb10283b8daf94709e546,../../../../Git/cpg-contract-checker/data-collection/source-code/smart-contract-sanctuary-ethereum/contracts/mainnet/0b/0b1d5cf1f48430b7e8fbb10283b8daf94709e546_DLRV.sol
100.00,100.00,0x3e5c530d920f15bd1dc5dea6877f3ae1d4895bef,../../../../Git/cpg-contract-checker/data-collection/source-code/smart-contract-sanctuary-ethereum/contracts/mainnet/3e/3e5c530d920f15bd1dc5dea6877f3ae1d4895bef_KN.sol
100.00,100.00,0xd616e81f2bd14b91eb82d40f5644725f8abe0841,../../../../Git/cpg-contract-checker/data-collection/source-code/smart-contract-sanctuary-ethereum/contracts/mainnet/d6/d616e81f2bd14b91eb82d40f5644725f8abe0841_ASTRO.sol
100.00,100.00,0xd616258a42e29683f8b012a945b86858fb2732f9,../../../../Git/cpg-contract-checker/data-collection/source-code/smart-contract-sanctuary-ethereum/contracts/mainnet/d6/d616258a42e29683f8b012a945b86858fb2732f9_BW.sol
100.00,100.00,0xda561f4bac6b867bf4403b61f48840995327bdcc,../../../../Git/cpg-contract-checker/data-collection/source-code/smart-contract-sanctuary-ethereum/contracts/mainnet/da/da561f4bac6b867bf4403b61f48840995327bdcc_MMXXII.sol
100.00,100.00,0x3cf0542c79a5aff87dedb90038cf1684962022d9,../../../../Git/cpg-contract-checker/data-collection/source-code/smart-contract-sanctuary-ethereum/contracts/mainnet/3c/3cf0542c79a5aff87dedb90038cf1684962022d9_alne.sol
100.00,100.00,0x0db72acc0d49413e1b016ddfd4664919981b34a2,../../../../Git/cpg-contract-checker/data-collection/source-code/smart-contract-sanctuary-ethereum/contracts/mainnet/0d/0db72acc0d49413e1b016ddfd4664919981b34a2_PSTWK.sol
100.00,100.00,0xd6895e18f290be44706408d86df68a7b64111a85,../../../../Git/cpg-contract-checker/data-collection/source-code/smart-contract-sanctuary-ethereum/contracts/mainnet/d6/d6895e18f290be44706408d86df68a7b64111a85_PAZQ.sol
100.00,100.00,0x5a1d6ff91131b400a1cf205a04f6e4f6a76a66cb,../../../../Git/cpg-contract-checker/data-collection/source-code/smart-contract-sanctuary-ethereum/contracts/mainnet/5a/5a1d6ff91131b400a1cf205a04f6e4f6a76a66cb_INPE.sol
100.00,100.00,0xadf3a67a119e3c7e4f90259dac960537871cb2d3,../../../../Git/cpg-contract-checker/data-collection/source-code/smart-contract-sanctuary-ethereum/contracts/mainnet/ad/adf3a67a119e3c7e4f90259dac960537871cb2d3_KITTY.sol
100.00,100.00,0x5acebc849a0da6f2420e3dbf11abe5517879d2f2,../../../../Git/cpg-contract-checker/data-collection/source-code/smart-contract-sanctuary-ethereum/contracts/mainnet/5a/5acebc849a0da6f2420e3dbf11abe5517879d2f2_BLDY.sol
100.00,100.00,0x9b3fe7eb186005ab67692d3c67a453930635660a,../../../../Git/cpg-contract-checker/data-collection/source-code/smart-contract-sanctuary-ethereum/contracts/mainnet/9b/9b3fe7eb186005ab67692d3c67a453930635660a_HYPERA.sol
100.00,100.00,0xd62f8c84f37682204a179170d4755318fdff70aa,../../../../Git/cpg-contract-checker/data-collection/source-code/smart-contract-sanctuary-ethereum/contracts/mainnet/d6/d62f8c84f37682204a179170d4755318fdff70aa_SGRMP.sol
100.00,100.00,0xad71bc89c0d56049b7cca1b73ffb84d153688fa3,../../../../Git/cpg-contract-checker/data-collection/source-code/smart-contract-sanctuary-ethereum/contracts/mainnet/ad/ad71bc89c0d56049b7cca1b73ffb84d153688fa3_TRVKC.sol
100.00,100.00,0xadd1e6934081c3ef5f3313623d0cb3025ea50551,../../../../Git/cpg-contract-checker/data-collection/source-code/smart-contract-sanctuary-ethereum/contracts/mainnet/ad/add1e6934081c3ef5f3313623d0cb3025ea50551_A2A.sol
100.00,100.00,0xad65ec0a0aa7013cefc152610cbe99f26c0cbc16,../../../../Git/cpg-contract-checker/data-collection/source-code/smart-contract-sanctuary-ethereum/contracts/mainnet/ad/ad65ec0a0aa7013cefc152610cbe99f26c0cbc16_YTP.sol
100.00,100.00,0xa4d3fb40aaff771ccba6943e8b1cf700d4b56065,../../../../Git/cpg-contract-checker/data-collection/source-code/smart-contract-sanctuary-ethereum/contracts/mainnet/a4/a4d3fb40aaff771ccba6943e8b1cf700d4b56065_ASTRO.sol
100.00,100.00,0xda92de55afc7e0d21320e56cd84c7ae630f420e2,../../../../Git/cpg-contract-checker/data-collection/source-code/smart-contract-sanctuary-ethereum/contracts/mainnet/da/da92de55afc7e0d21320e56cd84c7ae630f420e2_Aoladestiny.sol
100.00,100.00,0x9be3dedeeeed523e47b9d8214feabc9a78caf3e6,../../../../Git/cpg-contract-checker/data-collection/source-code/smart-contract-sanctuary-ethereum/contracts/mainnet/9b/9be3dedeeeed523e47b9d8214feabc9a78caf3e6_ABNW.sol
100.00,100.00,0x50fdac1d62b7e48b65b5f315e68a3daeea53d5e2,../../../../Git/cpg-contract-checker/data-collection/source-code/smart-contract-sanctuary-ethereum/contracts/mainnet/50/50fdac1d62b7e48b65b5f315e68a3daeea53d5e2_ozzy.sol
100.00,100.00,0x5f4f02b54342a0cd5209758f258c2de1dfc8b916,../../../../Git/cpg-contract-checker/data-collection/source-code/smart-contract-sanctuary-ethereum/contracts/mainnet/5f/5f4f02b54342a0cd5209758f258c2de1dfc8b916_Voja.sol
100.00,100.00,0x506f109d8a72a53817b26b121240f01788c2b326,../../../../Git/cpg-contract-checker/data-collection/source-code/smart-contract-sanctuary-ethereum/contracts/mainnet/50/506f109d8a72a53817b26b121240f01788c2b326_ARTEFACTS.sol
100.00,100.00,0x0d88f2b1850c0855073e40538a27d4c3f5480b74,../../../../Git/cpg-contract-checker/data-collection/source-code/smart-contract-sanctuary-ethereum/contracts/mainnet/0d/0d88f2b1850c0855073e40538a27d4c3f5480b74_FSP.sol
100.00,100.00,0x5f69081c3fc492c89ff0f4766a4f84ad2fc55326,../../../../Git/cpg-contract-checker/data-collection/source-code/smart-contract-sanctuary-ethereum/contracts/mainnet/5f/5f69081c3fc492c89ff0f4766a4f84ad2fc55326_ASP.sol
100.00,100.00,0xda7a16393c3a23b23079dfe11df2fb4e637dfc14,../../../../Git/cpg-contract-checker/data-collection/source-code/smart-contract-sanctuary-ethereum/contracts/mainnet/da/da7a16393c3a23b23079dfe11df2fb4e637dfc14_MADETHIS.sol
100.00,100.00,0x3ccd354269b5a740726f3e9b3db157ba22a3d7b1,../../../../Git/cpg-contract-checker/data-collection/source-code/smart-contract-sanctuary-ethereum/contracts/mainnet/3c/3ccd354269b5a740726f3e9b3db157ba22a3d7b1_GEOCER.sol
100.00,100.00,0x0b6a54343b891839ea224083221a530edb7fa48b,../../../../Git/cpg-contract-checker/data-collection/source-code/smart-contract-sanctuary-ethereum/contracts/mainnet/0b/0b6a54343b891839ea224083221a530edb7fa48b_NAUTY.sol
100.00,100.00,0x3cf68396be38eed709e5cba030d6e13e4f2cb1b2,../../../../Git/cpg-contract-checker/data-collection/source-code/smart-contract-sanctuary-ethereum/contracts/mainnet/3c/3cf68396be38eed709e5cba030d6e13e4f2cb1b2_uc.sol
100.00,100.00,0x5fe1a90c2a2a852320aafd84f6bf9601deb6bf7c,../../../../Git/cpg-contract-checker/data-collection/source-code/smart-contract-sanctuary-ethereum/contracts/mainnet/5f/5fe1a90c2a2a852320aafd84f6bf9601deb6bf7c_KLA.sol
100.00,100.00,0x3c36292add7b3cb8c7be647bc327907a6a441c66,../../../../Git/cpg-contract-checker/data-collection/source-code/smart-contract-sanctuary-ethereum/contracts/mainnet/3c/3c36292add7b3cb8c7be647bc327907a6a441c66_alter.sol
100.00,100.00,0xa4d753fffca0b24d2e453f636ff8643efa0c3196,../../../../Git/cpg-contract-checker/data-collection/source-code/smart-contract-sanctuary-ethereum/contracts/mainnet/a4/a4d753fffca0b24d2e453f636ff8643efa0c3196_BRL2.sol
100.00,100.00,0x3ce6eb5027f4fc356c78f295e60301367e22b119,../../../../Git/cpg-contract-checker/data-collection/source-code/smart-contract-sanctuary-ethereum/contracts/mainnet/3c/3ce6eb5027f4fc356c78f295e60301367e22b119_DTC.sol
100.00,100.00,0x0d0a9c10bfbc09091eb3810d9da48dbcf0a2dc83,../../../../Git/cpg-contract-checker/data-collection/source-code/smart-contract-sanctuary-ethereum/contracts/mainnet/0d/0d0a9c10bfbc09091eb3810d9da48dbcf0a2dc83_PPM.sol
100.00,100.00,0x9b85291cc8cfdf56daa09a6178e9dd4df694df36,../../../../Git/cpg-contract-checker/data-collection/source-code/smart-contract-sanctuary-ethereum/contracts/mainnet/9b/9b85291cc8cfdf56daa09a6178e9dd4df694df36_qedt.sol
100.00,100.00,0x0b5b7960c982a55a0e5f78c7fa7b921f27033602,../../../../Git/cpg-contract-checker/data-collection/source-code/smart-contract-sanctuary-ethereum/contracts/mainnet/0b/0b5b7960c982a55a0e5f78c7fa7b921f27033602_HYPER.sol
100.00,100.00,0x5f41f463e03c213bbcb26b35dd33597b3d85964c,../../../../Git/cpg-contract-checker/data-collection/source-code/smart-contract-sanctuary-ethereum/contracts/mainnet/5f/5f41f463e03c213bbcb26b35dd33597b3d85964c_COMIC.sol
100.00,100.00,0xd6d1a5d34a8ffef48cf0ba131ab5c9632dfaa0b1,../../../../Git/cpg-contract-checker/data-collection/source-code/smart-contract-sanctuary-ethereum/contracts/mainnet/d6/d6d1a5d34a8ffef48cf0ba131ab5c9632dfaa0b1_MAI.sol
100.00,100.00,0x50275ddb84b0c9e0da778bc7d2879e2e73048247,../../../../Git/cpg-contract-checker/data-collection/source-code/smart-contract-sanctuary-ethereum/contracts/mainnet/50/50275ddb84b0c9e0da778bc7d2879e2e73048247_JLD.sol
100.00,100.00,0xa497bc97b1015a8ddf9acdd122a094e5fa94b815,../../../../Git/cpg-contract-checker/data-collection/source-code/smart-contract-sanctuary-ethereum/contracts/mainnet/a4/a497bc97b1015a8ddf9acdd122a094e5fa94b815_DAVE.sol
100.00,100.00,0xbc5aafba6a27df349074132566f661e24e7caefb,../../../../Git/cpg-contract-checker/data-collection/source-code/smart-contract-sanctuary-ethereum/contracts/mainnet/bc/bc5aafba6a27df349074132566f661e24e7caefb_QFOG.sol
100.00,100.00,0x9586da04088053b728cc9652bfabebe68ad20ede,../../../../Git/cpg-contract-checker/data-collection/source-code/smart-contract-sanctuary-ethereum/contracts/mainnet/95/9586da04088053b728cc9652bfabebe68ad20ede_TIWW.sol
100.00,100.00,0xbb2ac928f4b7b52b629d7c82d15dc5815d8ac069,../../../../Git/cpg-contract-checker/data-collection/source-code/smart-contract-sanctuary-ethereum/contracts/mainnet/bb/bb2ac928f4b7b52b629d7c82d15dc5815d8ac069_FND.sol
100.00,100.00,0xbc2adefc3bb1cd7455538461ae72ce7cdbcca122,../../../../Git/cpg-contract-checker/data-collection/source-code/smart-contract-sanctuary-ethereum/contracts/mainnet/bc/bc2adefc3bb1cd7455538461ae72ce7cdbcca122_EMPVR.sol
100.00,100.00,0x5f8288079ca5a2a6563afb66db42f255f65f1236,../../../../Git/cpg-contract-checker/data-collection/source-code/smart-contract-sanctuary-ethereum/contracts/mainnet/5f/5f8288079ca5a2a6563afb66db42f255f65f1236_SHD.sol
100.00,100.00,0xa403c2987d865220c477135f78a829bc08a492ed,../../../../Git/cpg-contract-checker/data-collection/source-code/smart-contract-sanctuary-ethereum/contracts/mainnet/a4/a403c2987d865220c477135f78a829bc08a492ed_HKARI.sol
100.00,100.00,0x0b2e53f212a6a316b23e9483b44078c59f2b52f2,../../../../Git/cpg-contract-checker/data-collection/source-code/smart-contract-sanctuary-ethereum/contracts/mainnet/0b/0b2e53f212a6a316b23e9483b44078c59f2b52f2_FiDG.sol
100.00,100.00,0x9b72c1f1fa0cbd7870045b6d03d4b5045526864c,../../../../Git/cpg-contract-checker/data-collection/source-code/smart-contract-sanctuary-ethereum/contracts/mainnet/9b/9b72c1f1fa0cbd7870045b6d03d4b5045526864c_BAYC.sol
100.00,100.00,0x50f0c36145b7fe20e5b4f7719b67b36b3d3b44e8,../../../../Git/cpg-contract-checker/data-collection/source-code/smart-contract-sanctuary-ethereum/contracts/mainnet/50/50f0c36145b7fe20e5b4f7719b67b36b3d3b44e8_DAISY.sol
100.00,100.00,0x3cbcd1ff3cdf028e9f8491bf728cb3918f1cf4d6,../../../../Git/cpg-contract-checker/data-collection/source-code/smart-contract-sanctuary-ethereum/contracts/mainnet/3c/3cbcd1ff3cdf028e9f8491bf728cb3918f1cf4d6_UNC.sol
100.00,100.00,0xa4dce2712ea52ac6f383cc3d5e93a377366a2f50,../../../../Git/cpg-contract-checker/data-collection/source-code/smart-contract-sanctuary-ethereum/contracts/mainnet/a4/a4dce2712ea52ac6f383cc3d5e93a377366a2f50_BOGA.sol
100.00,100.00,0xd6cc504a192a654385805bcffab697c2791aff84,../../../../Git/cpg-contract-checker/data-collection/source-code/smart-contract-sanctuary-ethereum/contracts/mainnet/d6/d6cc504a192a654385805bcffab697c2791aff84_pixlpa.sol
100.00,100.00,0x502fd9b57e47c6f9033e62aa1468d5bcf6823db2,../../../../Git/cpg-contract-checker/data-collection/source-code/smart-contract-sanctuary-ethereum/contracts/mainnet/50/502fd9b57e47c6f9033e62aa1468d5bcf6823db2_RDXN.sol
100.00,100.00,0x50ab8023bce7c7e618b88b3ee1fef0b6f5c50987,../../../../Git/cpg-contract-checker/data-collection/source-code/smart-contract-sanctuary-ethereum/contracts/mainnet/50/50ab8023bce7c7e618b88b3ee1fef0b6f5c50987_GMMM.sol
100.00,100.00,0x50bbe261feb01e22300f5926d65ba2d341b1a690,../../../../Git/cpg-contract-checker/data-collection/source-code/smart-contract-sanctuary-ethereum/contracts/mainnet/50/50bbe261feb01e22300f5926d65ba2d341b1a690_ETH.sol
100.00,100.00,0xda68172dc06d4e2bfa69afa025b0c26b1f011139,../../../../Git/cpg-contract-checker/data-collection/source-code/smart-contract-sanctuary-ethereum/contracts/mainnet/da/da68172dc06d4e2bfa69afa025b0c26b1f011139_BEAM.sol
100.00,100.00,0xdaf4ea2ce7511b0f08cf91112f046af63bc4ea03,../../../../Git/cpg-contract-checker/data-collection/source-code/smart-contract-sanctuary-ethereum/contracts/mainnet/da/daf4ea2ce7511b0f08cf91112f046af63bc4ea03_VR.sol
100.00,100.00,0xbb650327a011499f5f475676517dcdc665f521e1,../../../../Git/cpg-contract-checker/data-collection/source-code/smart-contract-sanctuary-ethereum/contracts/mainnet/bb/bb650327a011499f5f475676517dcdc665f521e1_GSWC.sol
100.00,100.00,0x0baccd4214229fd8bedb93c6b285baed04121dc5,../../../../Git/cpg-contract-checker/data-collection/source-code/smart-contract-sanctuary-ethereum/contracts/mainnet/0b/0baccd4214229fd8bedb93c6b285baed04121dc5_TORN.sol
100.00,100.00,0x9583ef92cd4fd1a817fc909005bf9bed70017032,../../../../Git/cpg-contract-checker/data-collection/source-code/smart-contract-sanctuary-ethereum/contracts/mainnet/95/9583ef92cd4fd1a817fc909005bf9bed70017032_cc0.sol
100.00,100.00,0xbb5174381f946eaf487d3f036f75f5fb76c8395b,../../../../Git/cpg-contract-checker/data-collection/source-code/smart-contract-sanctuary-ethereum/contracts/mainnet/bb/bb5174381f946eaf487d3f036f75f5fb76c8395b_SK8.sol
100.00,100.00,0xa459bedc1f9fec5daf704b9e2accb9b0d55f40af,../../../../Git/cpg-contract-checker/data-collection/source-code/smart-contract-sanctuary-ethereum/contracts/mainnet/a4/a459bedc1f9fec5daf704b9e2accb9b0d55f40af_GOA.sol
100.00,100.00,0x957f47e22740979404a3fdc308e4c9d82431ae36,../../../../Git/cpg-contract-checker/data-collection/source-code/smart-contract-sanctuary-ethereum/contracts/mainnet/95/957f47e22740979404a3fdc308e4c9d82431ae36_JJART.sol
100.00,100.00,0x95a74f935a3e801fd123508ddd3058894ad1ef8a,../../../../Git/cpg-contract-checker/data-collection/source-code/smart-contract-sanctuary-ethereum/contracts/mainnet/95/95a74f935a3e801fd123508ddd3058894ad1ef8a_NROR.sol
100.00,100.00,0xda484fcae7b01b17111f48f7a9082c7fb4ee5939,../../../../Git/cpg-contract-checker/data-collection/source-code/smart-contract-sanctuary-ethereum/contracts/mainnet/da/da484fcae7b01b17111f48f7a9082c7fb4ee5939_Lil.sol
100.00,100.00,0x0be3a13d6b5d7ec92c41100101140124ce5fd355,../../../../Git/cpg-contract-checker/data-collection/source-code/smart-contract-sanctuary-ethereum/contracts/mainnet/0b/0be3a13d6b5d7ec92c41100101140124ce5fd355_CANDY.sol
100.00,100.00,0xa41bf664e8121d08b7e2a40f65354f6bffc6d03a,../../../../Git/cpg-contract-checker/data-collection/source-code/smart-contract-sanctuary-ethereum/contracts/mainnet/a4/a41bf664e8121d08b7e2a40f65354f6bffc6d03a_DLP.sol
100.00,100.00,0xbc37ed91a5cc8de8aff7823479cd39589843afdd,../../../../Git/cpg-contract-checker/data-collection/source-code/smart-contract-sanctuary-ethereum/contracts/mainnet/bc/bc37ed91a5cc8de8aff7823479cd39589843afdd_HOU.sol
100.00,100.00,0x0b2a640932ae032f13898e9a7a25139006cc3f1f,../../../../Git/cpg-contract-checker/data-collection/source-code/smart-contract-sanctuary-ethereum/contracts/mainnet/0b/0b2a640932ae032f13898e9a7a25139006cc3f1f_SB.sol
100.00,100.00,0xa4dce2e08ed2c4dc3deb161f5412213add3c259f,../../../../Git/cpg-contract-checker/data-collection/source-code/smart-contract-sanctuary-ethereum/contracts/mainnet/a4/a4dce2e08ed2c4dc3deb161f5412213add3c259f_DedPortSoc.sol
100.00,100.00,0xbb78b83e5463aaa3dd98bf86dc7b25c05a0900cd,../../../../Git/cpg-contract-checker/data-collection/source-code/smart-contract-sanctuary-ethereum/contracts/mainnet/bb/bb78b83e5463aaa3dd98bf86dc7b25c05a0900cd_art500.sol
100.00,100.00,0x3c2d152b12a154bdfd8b2c55765016c0b3a86fb6,../../../../Git/cpg-contract-checker/data-collection/source-code/smart-contract-sanctuary-ethereum/contracts/mainnet/3c/3c2d152b12a154bdfd8b2c55765016c0b3a86fb6_RAWAI.sol
100.00,100.00,0x0ba0767958e87ae9fd9d6fb72639d8f1798bbf12,../../../../Git/cpg-contract-checker/data-collection/source-code/smart-contract-sanctuary-ethereum/contracts/mainnet/0b/0ba0767958e87ae9fd9d6fb72639d8f1798bbf12_MBP.sol
100.00,100.00,0xbbff4f5b475a47c47e0b510875599207e963add1,../../../../Git/cpg-contract-checker/data-collection/source-code/smart-contract-sanctuary-ethereum/contracts/mainnet/bb/bbff4f5b475a47c47e0b510875599207e963add1_MOS.sol
100.00,100.00,0xbc17c3c8fb7208875e094d09ff60ed4389ebd7f7,../../../../Git/cpg-contract-checker/data-collection/source-code/smart-contract-sanctuary-ethereum/contracts/mainnet/bc/bc17c3c8fb7208875e094d09ff60ed4389ebd7f7_LFH.sol
100.00,100.00,0x3c8442811578f5e49c45dd7534c56d4067ecf676,../../../../Git/cpg-contract-checker/data-collection/source-code/smart-contract-sanctuary-ethereum/contracts/mainnet/3c/3c8442811578f5e49c45dd7534c56d4067ecf676_WHO.sol
100.00,100.00,0xbc4b6eb2e4a5a2fed51835dc4dbec7022052edbb,../../../../Git/cpg-contract-checker/data-collection/source-code/smart-contract-sanctuary-ethereum/contracts/mainnet/bc/bc4b6eb2e4a5a2fed51835dc4dbec7022052edbb_B2D.sol
100.00,100.00,0x0b2f4fe4118839a967f0e52d91431be904fe309c,../../../../Git/cpg-contract-checker/data-collection/source-code/smart-contract-sanctuary-ethereum/contracts/mainnet/0b/0b2f4fe4118839a967f0e52d91431be904fe309c_DYSXY.sol
100.00,100.00,0xda5424ec1d8574726f8509433be839f49e074dd6,../../../../Git/cpg-contract-checker/data-collection/source-code/smart-contract-sanctuary-ethereum/contracts/mainnet/da/da5424ec1d8574726f8509433be839f49e074dd6_www.sol
100.00,100.00,0x9b259711457d2f7fa040e206a24086a27128a78a,../../../../Git/cpg-contract-checker/data-collection/source-code/smart-contract-sanctuary-ethereum/contracts/mainnet/9b/9b259711457d2f7fa040e206a24086a27128a78a_take.sol
100.00,100.00,0x5f6abdca3bc01d6c4f1ffb2712ef26cfa0b7ca31,../../../../Git/cpg-contract-checker/data-collection/source-code/smart-contract-sanctuary-ethereum/contracts/mainnet/5f/5f6abdca3bc01d6c4f1ffb2712ef26cfa0b7ca31_PHRIDAY.sol
100.00,100.00,0x9b0acf7c85bcb6c02594a3be224bde71a79c8892,../../../../Git/cpg-contract-checker/data-collection/source-code/smart-contract-sanctuary-ethereum/contracts/mainnet/9b/9b0acf7c85bcb6c02594a3be224bde71a79c8892_ERNS.sol
100.00,100.00,0x50585a63cce1616020e92bc789a1edc86c203aec,../../../../Git/cpg-contract-checker/data-collection/source-code/smart-contract-sanctuary-ethereum/contracts/mainnet/50/50585a63cce1616020e92bc789a1edc86c203aec_FWBKEY.sol
100.00,100.00,0x5fbaa43dfacef0960ae41d43ddac3aa2374d88ec,../../../../Git/cpg-contract-checker/data-collection/source-code/smart-contract-sanctuary-ethereum/contracts/mainnet/5f/5fbaa43dfacef0960ae41d43ddac3aa2374d88ec_PRINT.sol
100.00,100.00,0x9bc6eed73e98238e8565c680136e8914da9cc683,../../../../Git/cpg-contract-checker/data-collection/source-code/smart-contract-sanctuary-ethereum/contracts/mainnet/9b/9bc6eed73e98238e8565c680136e8914da9cc683_TITS.sol
100.00,100.00,0xbb0bb58e85aca30165ec4a049f39919039804067,../../../../Git/cpg-contract-checker/data-collection/source-code/smart-contract-sanctuary-ethereum/contracts/mainnet/bb/bb0bb58e85aca30165ec4a049f39919039804067_DANC.sol
100.00,100.00,0xbc192ad0a21ab0606aa80d5fc232ac709023f583,../../../../Git/cpg-contract-checker/data-collection/source-code/smart-contract-sanctuary-ethereum/contracts/mainnet/bc/bc192ad0a21ab0606aa80d5fc232ac709023f583_du5t.sol
100.00,100.00,0xa43a7a5a7452485b4db33a89a5cd49c91be61fc2,../../../../Git/cpg-contract-checker/data-collection/source-code/smart-contract-sanctuary-ethereum/contracts/mainnet/a4/a43a7a5a7452485b4db33a89a5cd49c91be61fc2_sn03.sol
100.00,100.00,0x5f445057e8bcd36f642f176a76af557508c8514c,../../../../Git/cpg-contract-checker/data-collection/source-code/smart-contract-sanctuary-ethereum/contracts/mainnet/5f/5f445057e8bcd36f642f176a76af557508c8514c_URLY.sol
100.00,100.00,0xbb9151293bb7450114acf8e60275b8964794e7cb,../../../../Git/cpg-contract-checker/data-collection/source-code/smart-contract-sanctuary-ethereum/contracts/mainnet/bb/bb9151293bb7450114acf8e60275b8964794e7cb_RITA.sol
100.00,100.00,0x509c80e428f06e87e4bc49c00bd0b860536bb142,../../../../Git/cpg-contract-checker/data-collection/source-code/smart-contract-sanctuary-ethereum/contracts/mainnet/50/509c80e428f06e87e4bc49c00bd0b860536bb142_UCA.sol
100.00,100.00,0xbbea4ef2fc8867880402937da705fa3202ffc593,../../../../Git/cpg-contract-checker/data-collection/source-code/smart-contract-sanctuary-ethereum/contracts/mainnet/bb/bbea4ef2fc8867880402937da705fa3202ffc593_METAED.sol
100.00,100.00,0x0bfdd6d6285280245ed7f022aced7bd434b8fc9c,../../../../Git/cpg-contract-checker/data-collection/source-code/smart-contract-sanctuary-ethereum/contracts/mainnet/0b/0bfdd6d6285280245ed7f022aced7bd434b8fc9c_spec.sol
100.00,100.00,0x9b447400eb2cf95d34d912a7ce8e0255f26a5a31,../../../../Git/cpg-contract-checker/data-collection/source-code/smart-contract-sanctuary-ethereum/contracts/mainnet/9b/9b447400eb2cf95d34d912a7ce8e0255f26a5a31_LVT.sol
100.00,100.00,0xa4e2bcf7c0e9100f95fe41ab31f6e104e575cbe6,../../../../Git/cpg-contract-checker/data-collection/source-code/smart-contract-sanctuary-ethereum/contracts/mainnet/a4/a4e2bcf7c0e9100f95fe41ab31f6e104e575cbe6_BEAU.sol
100.00,100.00,0x3c97d9703b1e85a732943e578c545c657f1d7164,../../../../Git/cpg-contract-checker/data-collection/source-code/smart-contract-sanctuary-ethereum/contracts/mainnet/3c/3c97d9703b1e85a732943e578c545c657f1d7164_vidthought.sol
100.00,100.00,0xda0b2e9d1501b43bde92bf7770b834f12399300d,../../../../Git/cpg-contract-checker/data-collection/source-code/smart-contract-sanctuary-ethereum/contracts/mainnet/da/da0b2e9d1501b43bde92bf7770b834f12399300d_DMC.sol
100.00,100.00,0x3cc3ea0cd7186faab3ed23c9b75e2bc0820591c5,../../../../Git/cpg-contract-checker/data-collection/source-code/smart-contract-sanctuary-ethereum/contracts/mainnet/3c/3cc3ea0cd7186faab3ed23c9b75e2bc0820591c5_HMGR.sol
100.00,100.00,0x0b45eaf986a69d01c5ea8cec2a7fe3cc709b7bb7,../../../../Git/cpg-contract-checker/data-collection/source-code/smart-contract-sanctuary-ethereum/contracts/mainnet/0b/0b45eaf986a69d01c5ea8cec2a7fe3cc709b7bb7_RDRUM.sol
100.00,100.00,0x50aee40a9c3f993dd31da166f26f2a08a8da611c,../../../../Git/cpg-contract-checker/data-collection/source-code/smart-contract-sanctuary-ethereum/contracts/mainnet/50/50aee40a9c3f993dd31da166f26f2a08a8da611c_BSG.sol
100.00,100.00,0x95edc2b71dadb87c3190df09551b3d7bbc60eba7,../../../../Git/cpg-contract-checker/data-collection/source-code/smart-contract-sanctuary-ethereum/contracts/mainnet/95/95edc2b71dadb87c3190df09551b3d7bbc60eba7_LAG.sol
100.00,100.00,0x50c8e1329c40dc34fa7b9e60cc0b5e3daa1affef,../../../../Git/cpg-contract-checker/data-collection/source-code/smart-contract-sanctuary-ethereum/contracts/mainnet/50/50c8e1329c40dc34fa7b9e60cc0b5e3daa1affef_CHIBINOUN.sol
100.00,100.00,0x958de3fb270c633628ee69eaf97d6f612cea56ea,../../../../Git/cpg-contract-checker/data-collection/source-code/smart-contract-sanctuary-ethereum/contracts/mainnet/95/958de3fb270c633628ee69eaf97d6f612cea56ea_LF.sol
100.00,100.00,0x5f51a01902a89f89298617f37ef9a85778a6e54b,../../../../Git/cpg-contract-checker/data-collection/source-code/smart-contract-sanctuary-ethereum/contracts/mainnet/5f/5f51a01902a89f89298617f37ef9a85778a6e54b_Raboo.sol
100.00,100.00,0x5f23735efa825e0068fd012d823d490928904d97,../../../../Git/cpg-contract-checker/data-collection/source-code/smart-contract-sanctuary-ethereum/contracts/mainnet/5f/5f23735efa825e0068fd012d823d490928904d97_KiXTiX.sol
100.00,100.00,0xa3f33311788c41e402381b5dbe730246c6a073c0,../../../../Git/cpg-contract-checker/data-collection/source-code/smart-contract-sanctuary-ethereum/contracts/mainnet/a3/a3f33311788c41e402381b5dbe730246c6a073c0_MeldaSense.sol
100.00,100.00,0x951ba049808db6ea956669a88c38dcd4ac28a868,../../../../Git/cpg-contract-checker/data-collection/source-code/smart-contract-sanctuary-ethereum/contracts/mainnet/95/951ba049808db6ea956669a88c38dcd4ac28a868_SADSZN.sol
100.00,100.00,0x934fde8928a5ff9d78233790c6178335b9581e7d,../../../../Git/cpg-contract-checker/data-collection/source-code/smart-contract-sanctuary-ethereum/contracts/mainnet/93/934fde8928a5ff9d78233790c6178335b9581e7d_Atlas2Wander.sol
100.00,100.00,0x9eea8d2379c5073133dda015c48bd7047fc72048,../../../../Git/cpg-contract-checker/data-collection/source-code/smart-contract-sanctuary-ethereum/contracts/mainnet/9e/9eea8d2379c5073133dda015c48bd7047fc72048_LSTO.sol
100.00,100.00,0xbbcfbd62441211d5a42e54f197682979c207bc0f,../../../../Git/cpg-contract-checker/data-collection/source-code/smart-contract-sanctuary-ethereum/contracts/mainnet/bb/bbcfbd62441211d5a42e54f197682979c207bc0f_test123.sol
100.00,100.00,0xa369e86f8fd239755581b736a78df8075e9463b2,../../../../Git/cpg-contract-checker/data-collection/source-code/smart-contract-sanctuary-ethereum/contracts/mainnet/a3/a369e86f8fd239755581b736a78df8075e9463b2_OASIS.sol
100.00,100.00,0x3cae63d33081be0cc12566667b5c4103270eb518,../../../../Git/cpg-contract-checker/data-collection/source-code/smart-contract-sanctuary-ethereum/contracts/mainnet/3c/3cae63d33081be0cc12566667b5c4103270eb518_WWW.sol
100.00,100.00,0x93d6c71fe5e33b31df3541827d721478afd3bb66,../../../../Git/cpg-contract-checker/data-collection/source-code/smart-contract-sanctuary-ethereum/contracts/mainnet/93/93d6c71fe5e33b31df3541827d721478afd3bb66_RVN.sol
100.00,100.00,0xbbeb1b7a7a54daf79dd7f3c24bcb8b33864bd0ce,../../../../Git/cpg-contract-checker/data-collection/source-code/smart-contract-sanctuary-ethereum/contracts/mainnet/bb/bbeb1b7a7a54daf79dd7f3c24bcb8b33864bd0ce_SKDZC.sol
100.00,100.00,0xbcd2b6a13b7305607d5ae738bfb2ba462ce47526,../../../../Git/cpg-contract-checker/data-collection/source-code/smart-contract-sanctuary-ethereum/contracts/mainnet/bc/bcd2b6a13b7305607d5ae738bfb2ba462ce47526_DESINS.sol
100.00,100.00,0xbb0a46c5d02e4c48b4a2923fd776817cf05feeb3,../../../../Git/cpg-contract-checker/data-collection/source-code/smart-contract-sanctuary-ethereum/contracts/mainnet/bb/bb0a46c5d02e4c48b4a2923fd776817cf05feeb3_BOUTY.sol
100.00,100.00,0x50c4b9ff7467246e4cf2b16baec3c3acd73d4f15,../../../../Git/cpg-contract-checker/data-collection/source-code/smart-contract-sanctuary-ethereum/contracts/mainnet/50/50c4b9ff7467246e4cf2b16baec3c3acd73d4f15_DGI.sol
100.00,100.00,0x50e12f9f696ea65d27feecaa043430784b9f9008,../../../../Git/cpg-contract-checker/data-collection/source-code/smart-contract-sanctuary-ethereum/contracts/mainnet/50/50e12f9f696ea65d27feecaa043430784b9f9008_DCNZ.sol
100.00,100.00,0x93c1bc9f83cc250d18b62920dced34d9ad224816,../../../../Git/cpg-contract-checker/data-collection/source-code/smart-contract-sanctuary-ethereum/contracts/mainnet/93/93c1bc9f83cc250d18b62920dced34d9ad224816_CHRoNCLASH.sol
100.00,100.00,0x3cddc18a0a69594e94f231b8a0a3c06d54dee99b,../../../../Git/cpg-contract-checker/data-collection/source-code/smart-contract-sanctuary-ethereum/contracts/mainnet/3c/3cddc18a0a69594e94f231b8a0a3c06d54dee99b_MSH.sol
100.00,100.00,0x5f891ef0a81cd7097e3f9f4fd52c2ded2ef81466,../../../../Git/cpg-contract-checker/data-collection/source-code/smart-contract-sanctuary-ethereum/contracts/mainnet/5f/5f891ef0a81cd7097e3f9f4fd52c2ded2ef81466_SRL.sol
100.00,100.00,0x9e4132f4b0a5e8e4c0d6ccc910788ae704aec9e2,../../../../Git/cpg-contract-checker/data-collection/source-code/smart-contract-sanctuary-ethereum/contracts/mainnet/9e/9e4132f4b0a5e8e4c0d6ccc910788ae704aec9e2_Signage6529.sol
100.00,100.00,0x506b24433233f7251cbda3521e80865a027ee6cb,../../../../Git/cpg-contract-checker/data-collection/source-code/smart-contract-sanctuary-ethereum/contracts/mainnet/50/506b24433233f7251cbda3521e80865a027ee6cb_NAATP.sol
100.00,100.00,0xa3c1a6a43a2459e14940540916d9304dac026d36,../../../../Git/cpg-contract-checker/data-collection/source-code/smart-contract-sanctuary-ethereum/contracts/mainnet/a3/a3c1a6a43a2459e14940540916d9304dac026d36_DAA.sol
100.00,100.00,0x3c808139162e8cda68380669dd199f3fe69a6fbd,../../../../Git/cpg-contract-checker/data-collection/source-code/smart-contract-sanctuary-ethereum/contracts/mainnet/3c/3c808139162e8cda68380669dd199f3fe69a6fbd_TOS.sol
100.00,100.00,0xbcd472cc7f72040c3012b958724faf5ebe6815e9,../../../../Git/cpg-contract-checker/data-collection/source-code/smart-contract-sanctuary-ethereum/contracts/mainnet/bc/bcd472cc7f72040c3012b958724faf5ebe6815e9_NMPX.sol
100.00,100.00,0x95fa2adb5e40f4ec48e93f37ed778c14f9631705,../../../../Git/cpg-contract-checker/data-collection/source-code/smart-contract-sanctuary-ethereum/contracts/mainnet/95/95fa2adb5e40f4ec48e93f37ed778c14f9631705_SMYL.sol
100.00,100.00,0xbbb12dffc16521c2ff8f2a631f7168b13f0deaad,../../../../Git/cpg-contract-checker/data-collection/source-code/smart-contract-sanctuary-ethereum/contracts/mainnet/bb/bbb12dffc16521c2ff8f2a631f7168b13f0deaad_VLWOL.sol
100.00,100.00,0xbccfc5486bc3822e198ca5be891b06e708ce7eb1,../../../../Git/cpg-contract-checker/data-collection/source-code/smart-contract-sanctuary-ethereum/contracts/mainnet/bc/bccfc5486bc3822e198ca5be891b06e708ce7eb1_DCN.sol
100.00,100.00,0x5f637e31c96dcd490d5e7394b78e30242c8a40d6,../../../../Git/cpg-contract-checker/data-collection/source-code/smart-contract-sanctuary-ethereum/contracts/mainnet/5f/5f637e31c96dcd490d5e7394b78e30242c8a40d6_DTAPE.sol
100.00,100.00,0x5010f35b8c740b3c8a992c1331340740eafd1869,../../../../Git/cpg-contract-checker/data-collection/source-code/smart-contract-sanctuary-ethereum/contracts/mainnet/50/5010f35b8c740b3c8a992c1331340740eafd1869_ZER0S.sol
100.00,100.00,0x9e6dea5cdabbd28a568e17a95ce12c96f9fe32bc,../../../../Git/cpg-contract-checker/data-collection/source-code/smart-contract-sanctuary-ethereum/contracts/mainnet/9e/9e6dea5cdabbd28a568e17a95ce12c96f9fe32bc_GMGG.sol
100.00,100.00,0x5037ea4a51333d7d587e6ebd827e85c41045713c,../../../../Git/cpg-contract-checker/data-collection/source-code/smart-contract-sanctuary-ethereum/contracts/mainnet/50/5037ea4a51333d7d587e6ebd827e85c41045713c_MK.sol
100.00,100.00,0x5f31da0277b4894b1d8dcc3d6d6fd1dc4dad9211,../../../../Git/cpg-contract-checker/data-collection/source-code/smart-contract-sanctuary-ethereum/contracts/mainnet/5f/5f31da0277b4894b1d8dcc3d6d6fd1dc4dad9211_CREME.sol
100.00,100.00,0xb477825b39f0aa1170349a3e7744bfa3b91f51b7,../../../../Git/cpg-contract-checker/data-collection/source-code/smart-contract-sanctuary-ethereum/contracts/mainnet/b4/b477825b39f0aa1170349a3e7744bfa3b91f51b7_JVE.sol
100.00,100.00,0x50379b741b567ebdda20ca6b7903b8098f079232,../../../../Git/cpg-contract-checker/data-collection/source-code/smart-contract-sanctuary-ethereum/contracts/mainnet/50/50379b741b567ebdda20ca6b7903b8098f079232_PVILLE.sol
100.00,100.00,0xb4b4a7f2569fe6eb3bc03c3359d891348dfb0d0c,../../../../Git/cpg-contract-checker/data-collection/source-code/smart-contract-sanctuary-ethereum/contracts/mainnet/b4/b4b4a7f2569fe6eb3bc03c3359d891348dfb0d0c_FRCTLSXAI.sol
100.00,100.00,0xa30ee19bf267a43e2a423a3c9371ecc6d877edc9,../../../../Git/cpg-contract-checker/data-collection/source-code/smart-contract-sanctuary-ethereum/contracts/mainnet/a3/a30ee19bf267a43e2a423a3c9371ecc6d877edc9_Blue17.sol
100.00,100.00,0xb4287953a82f6da0dd2b4e1b38c7f4ea042776ef,../../../../Git/cpg-contract-checker/data-collection/source-code/smart-contract-sanctuary-ethereum/contracts/mainnet/b4/b4287953a82f6da0dd2b4e1b38c7f4ea042776ef_MKR.sol
100.00,100.00,0xa339022724635c72db65c1975a9df8ef9cbe425b,../../../../Git/cpg-contract-checker/data-collection/source-code/smart-contract-sanctuary-ethereum/contracts/mainnet/a3/a339022724635c72db65c1975a9df8ef9cbe425b_SPOTTIE.sol
100.00,100.00,0xa3badc028b85088f819ea464f0edeffa94b95605,../../../../Git/cpg-contract-checker/data-collection/source-code/smart-contract-sanctuary-ethereum/contracts/mainnet/a3/a3badc028b85088f819ea464f0edeffa94b95605_TL4BS.sol
100.00,100.00,0xa3f246610149d1d4f384c0372da58bdaacacdea3,../../../../Git/cpg-contract-checker/data-collection/source-code/smart-contract-sanctuary-ethereum/contracts/mainnet/a3/a3f246610149d1d4f384c0372da58bdaacacdea3_MGNM.sol
100.00,100.00,0xb4d8dbea74b5d18b479d29348109197fc58206d9,../../../../Git/cpg-contract-checker/data-collection/source-code/smart-contract-sanctuary-ethereum/contracts/mainnet/b4/b4d8dbea74b5d18b479d29348109197fc58206d9_ATA.sol
100.00,100.00,0x9ed2577fa4b9b8bc526eecb5b3686f9799536e7e,../../../../Git/cpg-contract-checker/data-collection/source-code/smart-contract-sanctuary-ethereum/contracts/mainnet/9e/9ed2577fa4b9b8bc526eecb5b3686f9799536e7e_ROP.sol
100.00,100.00,0x936d2a9491a54f8b25afec1a4fc8e15ed407b6c1,../../../../Git/cpg-contract-checker/data-collection/source-code/smart-contract-sanctuary-ethereum/contracts/mainnet/93/936d2a9491a54f8b25afec1a4fc8e15ed407b6c1_SWWW.sol
100.00,100.00,0x3c81ea57a03af5fb1463544005f9af4eedf07244,../../../../Git/cpg-contract-checker/data-collection/source-code/smart-contract-sanctuary-ethereum/contracts/mainnet/3c/3c81ea57a03af5fb1463544005f9af4eedf07244_HDW.sol
100.00,100.00,0x93c397b2f4d0ea3b3897bd1e8a5427e96c5b46f0,../../../../Git/cpg-contract-checker/data-collection/source-code/smart-contract-sanctuary-ethereum/contracts/mainnet/93/93c397b2f4d0ea3b3897bd1e8a5427e96c5b46f0_AEW.sol
100.00,100.00,0xa353ff4181718bef88761c97f3890ee026370784,../../../../Git/cpg-contract-checker/data-collection/source-code/smart-contract-sanctuary-ethereum/contracts/mainnet/a3/a353ff4181718bef88761c97f3890ee026370784_HGNFT.sol
100.00,100.00,0xbcc848a98bf83a5fcd9af483675b88048b10555d,../../../../Git/cpg-contract-checker/data-collection/source-code/smart-contract-sanctuary-ethereum/contracts/mainnet/bc/bcc848a98bf83a5fcd9af483675b88048b10555d_Hodls.sol
100.00,100.00,0x952971b59956617b8b240c7b81aa9caa8e88c673,../../../../Git/cpg-contract-checker/data-collection/source-code/smart-contract-sanctuary-ethereum/contracts/mainnet/95/952971b59956617b8b240c7b81aa9caa8e88c673_PNTSH.sol
100.00,100.00,0x3c18ea0430418e796c0360d8ee986bdb794f1cb9,../../../../Git/cpg-contract-checker/data-collection/source-code/smart-contract-sanctuary-ethereum/contracts/mainnet/3c/3c18ea0430418e796c0360d8ee986bdb794f1cb9_WHALE.sol
100.00,100.00,0xa3ddd0f7e662261278336052a4f4b7260cf85037,../../../../Git/cpg-contract-checker/data-collection/source-code/smart-contract-sanctuary-ethereum/contracts/mainnet/a3/a3ddd0f7e662261278336052a4f4b7260cf85037_darko.sol
100.00,100.00,0x508ba366c0028ec90f46650f3d98a8cbd0e27419,../../../../Git/cpg-contract-checker/data-collection/source-code/smart-contract-sanctuary-ethereum/contracts/mainnet/50/508ba366c0028ec90f46650f3d98a8cbd0e27419_MONO.sol
100.00,100.00,0xbc098847b682395f3427ed41a2b0646d1349dd1c,../../../../Git/cpg-contract-checker/data-collection/source-code/smart-contract-sanctuary-ethereum/contracts/mainnet/bc/bc098847b682395f3427ed41a2b0646d1349dd1c_ECS001.sol
100.00,100.00,0x93ef78bdee540d5c928b5306e7a1a5a7966c4cff,../../../../Git/cpg-contract-checker/data-collection/source-code/smart-contract-sanctuary-ethereum/contracts/mainnet/93/93ef78bdee540d5c928b5306e7a1a5a7966c4cff_HXDEN.sol
100.00,100.00,0x9bbba5bbaeed3beec81ee2fcad90aedbdc7430f2,../../../../Git/cpg-contract-checker/data-collection/source-code/smart-contract-sanctuary-ethereum/contracts/mainnet/9b/9bbba5bbaeed3beec81ee2fcad90aedbdc7430f2_VINE.sol
100.00,100.00,0xa3071afffb23c9e9902178d59cd4f358f0b24d6a,../../../../Git/cpg-contract-checker/data-collection/source-code/smart-contract-sanctuary-ethereum/contracts/mainnet/a3/a3071afffb23c9e9902178d59cd4f358f0b24d6a_DA.sol
100.00,100.00,0xa34dc7d80c6c92de4a27c8e7291624530a478268,../../../../Git/cpg-contract-checker/data-collection/source-code/smart-contract-sanctuary-ethereum/contracts/mainnet/a3/a34dc7d80c6c92de4a27c8e7291624530a478268_KFWW.sol
100.00,100.00,0xbc1dc845f5fe305c2060c1d10932a200cc98cb9e,../../../../Git/cpg-contract-checker/data-collection/source-code/smart-contract-sanctuary-ethereum/contracts/mainnet/bc/bc1dc845f5fe305c2060c1d10932a200cc98cb9e_YODS.sol
100.00,100.00,0xbcefe1e1ecf990f800eb7264e9a68025b13ab3ff,../../../../Git/cpg-contract-checker/data-collection/source-code/smart-contract-sanctuary-ethereum/contracts/mainnet/bc/bcefe1e1ecf990f800eb7264e9a68025b13ab3ff_WWRAY.sol
100.00,100.00,0x9b9d2fdf7f9921ce8e06096c6a72aa62ba91649c,../../../../Git/cpg-contract-checker/data-collection/source-code/smart-contract-sanctuary-ethereum/contracts/mainnet/9b/9b9d2fdf7f9921ce8e06096c6a72aa62ba91649c_a1frog9.sol
100.00,100.00,0xb4a8818a4d316340f16c31d7890166b32872e758,../../../../Git/cpg-contract-checker/data-collection/source-code/smart-contract-sanctuary-ethereum/contracts/mainnet/b4/b4a8818a4d316340f16c31d7890166b32872e758_BA.sol
100.00,100.00,0x935e0a581fd052a9543190898424244aba08cb9d,../../../../Git/cpg-contract-checker/data-collection/source-code/smart-contract-sanctuary-ethereum/contracts/mainnet/93/935e0a581fd052a9543190898424244aba08cb9d_RNG.sol
100.00,100.00,0xbce10dda69e493a08b24d2f4553be22b626b8300,../../../../Git/cpg-contract-checker/data-collection/source-code/smart-contract-sanctuary-ethereum/contracts/mainnet/bc/bce10dda69e493a08b24d2f4553be22b626b8300_PRDSE.sol
100.00,100.00,0xbc9b2b935a3d04e0209d9f60f8ddecd57030e1a2,../../../../Git/cpg-contract-checker/data-collection/source-code/smart-contract-sanctuary-ethereum/contracts/mainnet/bc/bc9b2b935a3d04e0209d9f60f8ddecd57030e1a2_ME.sol
100.00,100.00,0x5f4d5d78796e3e74f64c4ca3ead2cb1d878afa52,../../../../Git/cpg-contract-checker/data-collection/source-code/smart-contract-sanctuary-ethereum/contracts/mainnet/5f/5f4d5d78796e3e74f64c4ca3ead2cb1d878afa52_ML.sol
100.00,100.00,0xbb93ac214561b9d5f5f16333486dfef613d40ac0,../../../../Git/cpg-contract-checker/data-collection/source-code/smart-contract-sanctuary-ethereum/contracts/mainnet/bb/bb93ac214561b9d5f5f16333486dfef613d40ac0_MCCMX.sol
100.00,100.00,0xbbd557d63a280d4935a342800b3769ca50926577,../../../../Git/cpg-contract-checker/data-collection/source-code/smart-contract-sanctuary-ethereum/contracts/mainnet/bb/bbd557d63a280d4935a342800b3769ca50926577_SSAH.sol
100.00,100.00,0xda9192156348469be41fdcf140242b56abb658da,../../../../Git/cpg-contract-checker/data-collection/source-code/smart-contract-sanctuary-ethereum/contracts/mainnet/da/da9192156348469be41fdcf140242b56abb658da_DAM.sol
100.00,100.00,0xbc6ae73a817cea52b83a979fb965d8203e68243c,../../../../Git/cpg-contract-checker/data-collection/source-code/smart-contract-sanctuary-ethereum/contracts/mainnet/bc/bc6ae73a817cea52b83a979fb965d8203e68243c_GLDN.sol
100.00,100.00,0x95abf379c57b6732d83c25bf9fd401854bc9d26e,../../../../Git/cpg-contract-checker/data-collection/source-code/smart-contract-sanctuary-ethereum/contracts/mainnet/95/95abf379c57b6732d83c25bf9fd401854bc9d26e_GUEDE.sol
100.00,100.00,0x5faee64e96c78bc70c2e9de8316ec9c0f02728a0,../../../../Git/cpg-contract-checker/data-collection/source-code/smart-contract-sanctuary-ethereum/contracts/mainnet/5f/5faee64e96c78bc70c2e9de8316ec9c0f02728a0_ABSTWM.sol
100.00,100.00,0xbbf971169688c01791c56c83602b485259c233fb,../../../../Git/cpg-contract-checker/data-collection/source-code/smart-contract-sanctuary-ethereum/contracts/mainnet/bb/bbf971169688c01791c56c83602b485259c233fb_MEMBER.sol
100.00,100.00,0x3c5d3871338f8ecac1d560764eab973e0612e946,../../../../Git/cpg-contract-checker/data-collection/source-code/smart-contract-sanctuary-ethereum/contracts/mainnet/3c/3c5d3871338f8ecac1d560764eab973e0612e946_ETCH.sol
100.00,100.00,0xb448ebd99ca8a8c3a24a7402649a61ffe736aa51,../../../../Git/cpg-contract-checker/data-collection/source-code/smart-contract-sanctuary-ethereum/contracts/mainnet/b4/b448ebd99ca8a8c3a24a7402649a61ffe736aa51_CMxOCR.sol
100.00,100.00,0x9ba5c2259831c5dbccd63758300d93dfcaa1749b,../../../../Git/cpg-contract-checker/data-collection/source-code/smart-contract-sanctuary-ethereum/contracts/mainnet/9b/9ba5c2259831c5dbccd63758300d93dfcaa1749b_DGCUP.sol
100.00,100.00,0xbc13af693313ed341a40b5b690628268dbc8b3cf,../../../../Git/cpg-contract-checker/data-collection/source-code/smart-contract-sanctuary-ethereum/contracts/mainnet/bc/bc13af693313ed341a40b5b690628268dbc8b3cf_JJAI.sol
100.00,100.00,0x507cd4d314e6021cf1dd5fb594056197947b9455,../../../../Git/cpg-contract-checker/data-collection/source-code/smart-contract-sanctuary-ethereum/contracts/mainnet/50/507cd4d314e6021cf1dd5fb594056197947b9455_VDB.sol
100.00,100.00,0x5f0eccc622f89f1fdeb0eade2f386493d362b27c,../../../../Git/cpg-contract-checker/data-collection/source-code/smart-contract-sanctuary-ethereum/contracts/mainnet/5f/5f0eccc622f89f1fdeb0eade2f386493d362b27c_DGW.sol
100.00,100.00,0x9ba916750a98105504cffeafce51564a88763756,../../../../Git/cpg-contract-checker/data-collection/source-code/smart-contract-sanctuary-ethereum/contracts/mainnet/9b/9ba916750a98105504cffeafce51564a88763756_KRM.sol
100.00,100.00,0x9b6b0f1fd449b2896bab7cf8e029e47fcac2ec7c,../../../../Git/cpg-contract-checker/data-collection/source-code/smart-contract-sanctuary-ethereum/contracts/mainnet/9b/9b6b0f1fd449b2896bab7cf8e029e47fcac2ec7c_MXMF.sol
100.00,100.00,0x9b13edc774696ddd033e635a3e861dee74c4eb09,../../../../Git/cpg-contract-checker/data-collection/source-code/smart-contract-sanctuary-ethereum/contracts/mainnet/9b/9b13edc774696ddd033e635a3e861dee74c4eb09_LZR.sol
100.00,100.00,0x50cf699c07094e8b146c7ba1c3201bf5a54d978c,../../../../Git/cpg-contract-checker/data-collection/source-code/smart-contract-sanctuary-ethereum/contracts/mainnet/50/50cf699c07094e8b146c7ba1c3201bf5a54d978c_GMESPC.sol
100.00,100.00,0xbce5cefbe4bb8b7fe1a42a0694f498bdfe68aaa7,../../../../Git/cpg-contract-checker/data-collection/source-code/smart-contract-sanctuary-ethereum/contracts/mainnet/bc/bce5cefbe4bb8b7fe1a42a0694f498bdfe68aaa7_OCC.sol
100.00,100.00,0x501e5c3a43051c8e37a06a0dad344750040c3fde,../../../../Git/cpg-contract-checker/data-collection/source-code/smart-contract-sanctuary-ethereum/contracts/mainnet/50/501e5c3a43051c8e37a06a0dad344750040c3fde_TBA.sol
100.00,100.00,0x3c06d21801faee8f3235d1fc2d7890ecccbe514c,../../../../Git/cpg-contract-checker/data-collection/source-code/smart-contract-sanctuary-ethereum/contracts/mainnet/3c/3c06d21801faee8f3235d1fc2d7890ecccbe514c_HANDSHAKE.sol
100.00,100.00,0xa3c727ae6b7d7741c143255c874cf3bfd6768809,../../../../Git/cpg-contract-checker/data-collection/source-code/smart-contract-sanctuary-ethereum/contracts/mainnet/a3/a3c727ae6b7d7741c143255c874cf3bfd6768809_MYSTC.sol
100.00,100.00,0xa3bda357cfab91169a870cbd48ef7ee1ca67fd84,../../../../Git/cpg-contract-checker/data-collection/source-code/smart-contract-sanctuary-ethereum/contracts/mainnet/a3/a3bda357cfab91169a870cbd48ef7ee1ca67fd84_BTMSH.sol
100.00,100.00,0xa3ac8cbf62a248eba3804714c570af02496e7ac4,../../../../Git/cpg-contract-checker/data-collection/source-code/smart-contract-sanctuary-ethereum/contracts/mainnet/a3/a3ac8cbf62a248eba3804714c570af02496e7ac4_DAYSGONE.sol
100.00,100.00,0x9bff2e3e233aadc4d7c3b0dea7f86e99c80525ef,../../../../Git/cpg-contract-checker/data-collection/source-code/smart-contract-sanctuary-ethereum/contracts/mainnet/9b/9bff2e3e233aadc4d7c3b0dea7f86e99c80525ef_steazy.sol
100.00,100.00,0xbb67b19f369d5a7018fad2b886ee4a2a68c9b18c,../../../../Git/cpg-contract-checker/data-collection/source-code/smart-contract-sanctuary-ethereum/contracts/mainnet/bb/bb67b19f369d5a7018fad2b886ee4a2a68c9b18c_VEXX.sol
100.00,100.00,0x933885a2f2298da667fb596386c0cda6d8a93b97,../../../../Git/cpg-contract-checker/data-collection/source-code/smart-contract-sanctuary-ethereum/contracts/mainnet/93/933885a2f2298da667fb596386c0cda6d8a93b97_FAIRYTALES.sol
100.00,100.00,0xb471018f0f4710871814e8c66b8aa1edaacca041,../../../../Git/cpg-contract-checker/data-collection/source-code/smart-contract-sanctuary-ethereum/contracts/mainnet/b4/b471018f0f4710871814e8c66b8aa1edaacca041_PCKL.sol
100.00,100.00,0xbb58d72efd94141e0f66d4732911bc6b08e56c68,../../../../Git/cpg-contract-checker/data-collection/source-code/smart-contract-sanctuary-ethereum/contracts/mainnet/bb/bb58d72efd94141e0f66d4732911bc6b08e56c68_NOTY.sol
100.00,100.00,0xbb8a35561e5f1995c947d2a944a4bca8d89964e4,../../../../Git/cpg-contract-checker/data-collection/source-code/smart-contract-sanctuary-ethereum/contracts/mainnet/bb/bb8a35561e5f1995c947d2a944a4bca8d89964e4_WhatBTC.sol
100.00,100.00,0xb4576ef3842f8224f278bec53f862a23a92e1b6c,../../../../Git/cpg-contract-checker/data-collection/source-code/smart-contract-sanctuary-ethereum/contracts/mainnet/b4/b4576ef3842f8224f278bec53f862a23a92e1b6c_LAC.sol
100.00,100.00,0x50fae8c581dc55ceac8b96292a60bf666d2949dc,../../../../Git/cpg-contract-checker/data-collection/source-code/smart-contract-sanctuary-ethereum/contracts/mainnet/50/50fae8c581dc55ceac8b96292a60bf666d2949dc_SMMR.sol
100.00,100.00,0x9527ba28d8a691a5c24733404ca19ba5471d66fa,../../../../Git/cpg-contract-checker/data-collection/source-code/smart-contract-sanctuary-ethereum/contracts/mainnet/95/9527ba28d8a691a5c24733404ca19ba5471d66fa_SelfSOKOVA.sol
100.00,100.00,0x5f29bc4b9f949a7dfcf91a79894f93e6ee990c60,../../../../Git/cpg-contract-checker/data-collection/source-code/smart-contract-sanctuary-ethereum/contracts/mainnet/5f/5f29bc4b9f949a7dfcf91a79894f93e6ee990c60_STELL.sol
100.00,100.00,0xbcce6879a8aac6681ec4b2061d808b60d667760c,../../../../Git/cpg-contract-checker/data-collection/source-code/smart-contract-sanctuary-ethereum/contracts/mainnet/bc/bcce6879a8aac6681ec4b2061d808b60d667760c_ATNM.sol
100.00,100.00,0xbba7f43ac5572cf80f2eb05c4d76862f702f291a,../../../../Git/cpg-contract-checker/data-collection/source-code/smart-contract-sanctuary-ethereum/contracts/mainnet/bb/bba7f43ac5572cf80f2eb05c4d76862f702f291a_DRVN.sol
100.00,100.00,0xb4294277acb24b21a334a6d21e922321b311efa5,../../../../Git/cpg-contract-checker/data-collection/source-code/smart-contract-sanctuary-ethereum/contracts/mainnet/b4/b4294277acb24b21a334a6d21e922321b311efa5_MIU.sol
100.00,100.00,0xbbea913e140707f531f578094d39b30d255d531b,../../../../Git/cpg-contract-checker/data-collection/source-code/smart-contract-sanctuary-ethereum/contracts/mainnet/bb/bbea913e140707f531f578094d39b30d255d531b_SKY.sol
100.00,100.00,0xa39453a9367f9fb55ecefd3845d004fad7832773,../../../../Git/cpg-contract-checker/data-collection/source-code/smart-contract-sanctuary-ethereum/contracts/mainnet/a3/a39453a9367f9fb55ecefd3845d004fad7832773_DFY.sol
100.00,100.00,0xb4a80d306c588fe5613d7b6ad140820a3dfbf79b,../../../../Git/cpg-contract-checker/data-collection/source-code/smart-contract-sanctuary-ethereum/contracts/mainnet/b4/b4a80d306c588fe5613d7b6ad140820a3dfbf79b_XNIBXES.sol
100.00,100.00,0x5f8a1373eefb4b966606bb192514ac8d71ae5cef,../../../../Git/cpg-contract-checker/data-collection/source-code/smart-contract-sanctuary-ethereum/contracts/mainnet/5f/5f8a1373eefb4b966606bb192514ac8d71ae5cef_NMD.sol
100.00,100.00,0x9bc85ee93554529067da76d14066f2e306b07376,../../../../Git/cpg-contract-checker/data-collection/source-code/smart-contract-sanctuary-ethereum/contracts/mainnet/9b/9bc85ee93554529067da76d14066f2e306b07376_GLOW.sol
100.00,100.00,0x50d353ec03df82c6f83b300c784f1defa7f74f23,../../../../Git/cpg-contract-checker/data-collection/source-code/smart-contract-sanctuary-ethereum/contracts/mainnet/50/50d353ec03df82c6f83b300c784f1defa7f74f23_M100M.sol
100.00,100.00,0x5fb5bf10be74bad3c63bf28ba1d60c64d54874d5,../../../../Git/cpg-contract-checker/data-collection/source-code/smart-contract-sanctuary-ethereum/contracts/mainnet/5f/5fb5bf10be74bad3c63bf28ba1d60c64d54874d5_FOCUS.sol
100.00,100.00,0xb46fa1305874acb0945da2419d4c8e671c7e256a,../../../../Git/cpg-contract-checker/data-collection/source-code/smart-contract-sanctuary-ethereum/contracts/mainnet/b4/b46fa1305874acb0945da2419d4c8e671c7e256a_AFSAD.sol
100.00,100.00,0x95d0fc1b4d2338526c5c925ff6d4a50126abc10e,../../../../Git/cpg-contract-checker/data-collection/source-code/smart-contract-sanctuary-ethereum/contracts/mainnet/95/95d0fc1b4d2338526c5c925ff6d4a50126abc10e_OCU.sol
100.00,100.00,0x5f0c7c054f5061deb3e2e326e1bcb8e7e235df05,../../../../Git/cpg-contract-checker/data-collection/source-code/smart-contract-sanctuary-ethereum/contracts/mainnet/5f/5f0c7c054f5061deb3e2e326e1bcb8e7e235df05_QYM.sol
100.00,100.00,0xbc37268fe15eed8aafd2cd3183400f53c53c4d73,../../../../Git/cpg-contract-checker/data-collection/source-code/smart-contract-sanctuary-ethereum/contracts/mainnet/bc/bc37268fe15eed8aafd2cd3183400f53c53c4d73_JAEN.sol
100.00,100.00,0x9e5f14e591349db5d0424b0ef900eb59cda5c1fd,../../../../Git/cpg-contract-checker/data-collection/source-code/smart-contract-sanctuary-ethereum/contracts/mainnet/9e/9e5f14e591349db5d0424b0ef900eb59cda5c1fd_DHNJRPEGZ.sol
100.00,100.00,0x9350de2bbc6af3b07f2dd2f28126916890091d74,../../../../Git/cpg-contract-checker/data-collection/source-code/smart-contract-sanctuary-ethereum/contracts/mainnet/93/9350de2bbc6af3b07f2dd2f28126916890091d74_PEZO.sol
100.00,100.00,0xbb87a368ffd1dca770435fb71fc41bf94c65a681,../../../../Git/cpg-contract-checker/data-collection/source-code/smart-contract-sanctuary-ethereum/contracts/mainnet/bb/bb87a368ffd1dca770435fb71fc41bf94c65a681_CARS.sol
100.00,100.00,0xbcf227cc21f2d028735bec59c2d09f76a92f6bf5,../../../../Git/cpg-contract-checker/data-collection/source-code/smart-contract-sanctuary-ethereum/contracts/mainnet/bc/bcf227cc21f2d028735bec59c2d09f76a92f6bf5_NW.sol
100.00,100.00,0x5fb9a59fc011f4ccf964e9ace6fe17bb20d9cfca,../../../../Git/cpg-contract-checker/data-collection/source-code/smart-contract-sanctuary-ethereum/contracts/mainnet/5f/5fb9a59fc011f4ccf964e9ace6fe17bb20d9cfca_S4Q.sol
100.00,100.00,0x3c6d738c9c0ac1d67a6cd1f5cd6384b644c7396a,../../../../Git/cpg-contract-checker/data-collection/source-code/smart-contract-sanctuary-ethereum/contracts/mainnet/3c/3c6d738c9c0ac1d67a6cd1f5cd6384b644c7396a_SPAR.sol
100.00,100.00,0xa31ed3d02e99b813b25e263a9bce67cab8f0c421,../../../../Git/cpg-contract-checker/data-collection/source-code/smart-contract-sanctuary-ethereum/contracts/mainnet/a3/a31ed3d02e99b813b25e263a9bce67cab8f0c421_JTArt.sol
100.00,100.00,0x95c4ff2be85011c4c18b8c765a3cae01f03a135a,../../../../Git/cpg-contract-checker/data-collection/source-code/smart-contract-sanctuary-ethereum/contracts/mainnet/95/95c4ff2be85011c4c18b8c765a3cae01f03a135a_DL.sol
100.00,100.00,0x9522606c8fd798f9294b2e12390cdf51b8fd46ed,../../../../Git/cpg-contract-checker/data-collection/source-code/smart-contract-sanctuary-ethereum/contracts/mainnet/95/9522606c8fd798f9294b2e12390cdf51b8fd46ed_bioG.sol
100.00,100.00,0x951e631c3bf14cf7d06adc8c15d331c1d1eac4e3,../../../../Git/cpg-contract-checker/data-collection/source-code/smart-contract-sanctuary-ethereum/contracts/mainnet/95/951e631c3bf14cf7d06adc8c15d331c1d1eac4e3_CARD.sol
100.00,100.00,0xb4de4673dcd4526598ded35f6489f1d0b9701cc5,../../../../Git/cpg-contract-checker/data-collection/source-code/smart-contract-sanctuary-ethereum/contracts/mainnet/b4/b4de4673dcd4526598ded35f6489f1d0b9701cc5_RMITEMS2.sol
100.00,100.00,0x9e4a0a24fef098c7a5d33408ee501696c098c403,../../../../Git/cpg-contract-checker/data-collection/source-code/smart-contract-sanctuary-ethereum/contracts/mainnet/9e/9e4a0a24fef098c7a5d33408ee501696c098c403_HGJ.sol
100.00,100.00,0x93eb6f54c650e66b9273d8ecdc46622fc1188cef,../../../../Git/cpg-contract-checker/data-collection/source-code/smart-contract-sanctuary-ethereum/contracts/mainnet/93/93eb6f54c650e66b9273d8ecdc46622fc1188cef_VAL.sol
100.00,100.00,0xb470d963c4fd5c407630f50fb36d6d333d8d6ceb,../../../../Git/cpg-contract-checker/data-collection/source-code/smart-contract-sanctuary-ethereum/contracts/mainnet/b4/b470d963c4fd5c407630f50fb36d6d333d8d6ceb_SSE.sol
100.00,100.00,0x952cf5172dde3d7bdb7c655f834ab69993e1b1eb,../../../../Git/cpg-contract-checker/data-collection/source-code/smart-contract-sanctuary-ethereum/contracts/mainnet/95/952cf5172dde3d7bdb7c655f834ab69993e1b1eb_i323.sol
100.00,100.00,0x95c6057f718d4797467e575c5267d7b981ac5829,../../../../Git/cpg-contract-checker/data-collection/source-code/smart-contract-sanctuary-ethereum/contracts/mainnet/95/95c6057f718d4797467e575c5267d7b981ac5829_C100.sol
100.00,100.00,0xbc08d80af9f58cfa3a52f5b6cf64f697928480ea,../../../../Git/cpg-contract-checker/data-collection/source-code/smart-contract-sanctuary-ethereum/contracts/mainnet/bc/bc08d80af9f58cfa3a52f5b6cf64f697928480ea_IFE.sol
100.00,100.00,0x9e574da2e1058572b9d20c339c4bafe37a3bf182,../../../../Git/cpg-contract-checker/data-collection/source-code/smart-contract-sanctuary-ethereum/contracts/mainnet/9e/9e574da2e1058572b9d20c339c4bafe37a3bf182_YIN.sol
100.00,100.00,0x502229ba1fc19bdb3a8046a1031c98dd465d5139,../../../../Git/cpg-contract-checker/data-collection/source-code/smart-contract-sanctuary-ethereum/contracts/mainnet/50/502229ba1fc19bdb3a8046a1031c98dd465d5139_UPOAPS.sol
100.00,100.00,0x9557536f7838a66c030e23947ae91c8fbc1a5517,../../../../Git/cpg-contract-checker/data-collection/source-code/smart-contract-sanctuary-ethereum/contracts/mainnet/95/9557536f7838a66c030e23947ae91c8fbc1a5517_MYST.sol
100.00,100.00,0x3c6f6c7c2a2c4d8808e36bc0074d9bb4845d5223,../../../../Git/cpg-contract-checker/data-collection/source-code/smart-contract-sanctuary-ethereum/contracts/mainnet/3c/3c6f6c7c2a2c4d8808e36bc0074d9bb4845d5223_RAZMRD.sol
100.00,100.00,0xbb7bf283fb76c7f9861ba1f7d1d819e531da4c1c,../../../../Git/cpg-contract-checker/data-collection/source-code/smart-contract-sanctuary-ethereum/contracts/mainnet/bb/bb7bf283fb76c7f9861ba1f7d1d819e531da4c1c_GUCCIPANDA.sol
100.00,100.00,0xbc61a1982622c271bfd775a46425a7344f9f3c74,../../../../Git/cpg-contract-checker/data-collection/source-code/smart-contract-sanctuary-ethereum/contracts/mainnet/bc/bc61a1982622c271bfd775a46425a7344f9f3c74_TG.sol
100.00,100.00,0x932112ef5624c553fdf756d0557e6af507ded878,../../../../Git/cpg-contract-checker/data-collection/source-code/smart-contract-sanctuary-ethereum/contracts/mainnet/93/932112ef5624c553fdf756d0557e6af507ded878_NAMAX.sol
100.00,100.00,0xbc283bbecf3e620a1262f72f3f2344af89455658,../../../../Git/cpg-contract-checker/data-collection/source-code/smart-contract-sanctuary-ethereum/contracts/mainnet/bc/bc283bbecf3e620a1262f72f3f2344af89455658_NDA.sol
100.00,100.00,0x5f236d022d79450135be13e3ece39558dd04bc8c,../../../../Git/cpg-contract-checker/data-collection/source-code/smart-contract-sanctuary-ethereum/contracts/mainnet/5f/5f236d022d79450135be13e3ece39558dd04bc8c_PSKULL.sol
100.00,100.00,0x3cf1b23f73b357f7aaff810a8b9a6c57f1a922c4,../../../../Git/cpg-contract-checker/data-collection/source-code/smart-contract-sanctuary-ethereum/contracts/mainnet/3c/3cf1b23f73b357f7aaff810a8b9a6c57f1a922c4_YOB.sol
100.00,100.00,0xbc9b1748a4f5b1e383de3551cd015a3fb934ee72,../../../../Git/cpg-contract-checker/data-collection/source-code/smart-contract-sanctuary-ethereum/contracts/mainnet/bc/bc9b1748a4f5b1e383de3551cd015a3fb934ee72_FUMAI.sol
100.00,100.00,0xa3dbc004802c8b96322501b14983aed526e35617,../../../../Git/cpg-contract-checker/data-collection/source-code/smart-contract-sanctuary-ethereum/contracts/mainnet/a3/a3dbc004802c8b96322501b14983aed526e35617_POTRETAI.sol
100.00,100.00,0xbc7d3460620130e52d5adbddaeae4acc89a810be,../../../../Git/cpg-contract-checker/data-collection/source-code/smart-contract-sanctuary-ethereum/contracts/mainnet/bc/bc7d3460620130e52d5adbddaeae4acc89a810be_NBLK.sol
100.00,100.00,0x9376d5cd5427ba316d439262dae0ba2cd1236155,../../../../Git/cpg-contract-checker/data-collection/source-code/smart-contract-sanctuary-ethereum/contracts/mainnet/93/9376d5cd5427ba316d439262dae0ba2cd1236155_Neuro.sol
100.00,100.00,0x50aa5d50d9e73a5a07cb4fe01a7b938df38209ce,../../../../Git/cpg-contract-checker/data-collection/source-code/smart-contract-sanctuary-ethereum/contracts/mainnet/50/50aa5d50d9e73a5a07cb4fe01a7b938df38209ce_APAH.sol
100.00,100.00,0xb4acfdf6063db4e91fad30a9cd0fbd33c060fc08,../../../../Git/cpg-contract-checker/data-collection/source-code/smart-contract-sanctuary-ethereum/contracts/mainnet/b4/b4acfdf6063db4e91fad30a9cd0fbd33c060fc08_VERO.sol
100.00,100.00,0x95800309f5124ca5e8b5b3593f65fb868339e7fa,../../../../Git/cpg-contract-checker/data-collection/source-code/smart-contract-sanctuary-ethereum/contracts/mainnet/95/95800309f5124ca5e8b5b3593f65fb868339e7fa_JVBN.sol
100.00,100.00,0xbb1f47cc083445f73bf10914b46b12c43c5c675b,../../../../Git/cpg-contract-checker/data-collection/source-code/smart-contract-sanctuary-ethereum/contracts/mainnet/bb/bb1f47cc083445f73bf10914b46b12c43c5c675b_AYAKA.sol
100.00,100.00,0x5fd1f04f9112073639f9d8d264272c82d37ba21c,../../../../Git/cpg-contract-checker/data-collection/source-code/smart-contract-sanctuary-ethereum/contracts/mainnet/5f/5fd1f04f9112073639f9d8d264272c82d37ba21c_JRW.sol
100.00,100.00,0x5f1b37d96770d64cc748bf2bb281dffefec494a7,../../../../Git/cpg-contract-checker/data-collection/source-code/smart-contract-sanctuary-ethereum/contracts/mainnet/5f/5f1b37d96770d64cc748bf2bb281dffefec494a7_VF11.sol
100.00,100.00,0x931643e685e7fee6141f9859080cdd4fa74c0cf5,../../../../Git/cpg-contract-checker/data-collection/source-code/smart-contract-sanctuary-ethereum/contracts/mainnet/93/931643e685e7fee6141f9859080cdd4fa74c0cf5_INDVS.sol
100.00,100.00,0x938fcfefe64cdaefa947d5e73ae53dd3eb6b8d17,../../../../Git/cpg-contract-checker/data-collection/source-code/smart-contract-sanctuary-ethereum/contracts/mainnet/93/938fcfefe64cdaefa947d5e73ae53dd3eb6b8d17_XSA.sol
100.00,100.00,0x9ec4d3af1934577eb6e16188da30307e30a7dfb2,../../../../Git/cpg-contract-checker/data-collection/source-code/smart-contract-sanctuary-ethereum/contracts/mainnet/9e/9ec4d3af1934577eb6e16188da30307e30a7dfb2_ARKSPHOTO.sol
100.00,100.00,0xa350c44660362ecf1f7a059387ba1e4ff8cab735,../../../../Git/cpg-contract-checker/data-collection/source-code/smart-contract-sanctuary-ethereum/contracts/mainnet/a3/a350c44660362ecf1f7a059387ba1e4ff8cab735_ABSTR.sol
100.00,100.00,0xa30f8188c50d0347525f37592da1aec0de1fa4cf,../../../../Git/cpg-contract-checker/data-collection/source-code/smart-contract-sanctuary-ethereum/contracts/mainnet/a3/a30f8188c50d0347525f37592da1aec0de1fa4cf_BLEUMERGE.sol
100.00,100.00,0x5f8f57859e05dc125d96c768a72b2f5fc6416944,../../../../Git/cpg-contract-checker/data-collection/source-code/smart-contract-sanctuary-ethereum/contracts/mainnet/5f/5f8f57859e05dc125d96c768a72b2f5fc6416944_NATRZ.sol
100.00,100.00,0x9353b913ffda3853c36ceb9b24e89885b6d53007,../../../../Git/cpg-contract-checker/data-collection/source-code/smart-contract-sanctuary-ethereum/contracts/mainnet/93/9353b913ffda3853c36ceb9b24e89885b6d53007_Vol2.sol
100.00,100.00,0x50af656d80b7deafd94244bf2a50823065b423c0,../../../../Git/cpg-contract-checker/data-collection/source-code/smart-contract-sanctuary-ethereum/contracts/mainnet/50/50af656d80b7deafd94244bf2a50823065b423c0_DOTS.sol
100.00,100.00,0xbbff84a7f18bd8f886cb8c6404dbd9b9a2d13ce9,../../../../Git/cpg-contract-checker/data-collection/source-code/smart-contract-sanctuary-ethereum/contracts/mainnet/bb/bbff84a7f18bd8f886cb8c6404dbd9b9a2d13ce9_REMINT.sol
100.00,100.00,0xbc669054b3e846064cb680f478d2dfa7b9ca1d08,../../../../Git/cpg-contract-checker/data-collection/source-code/smart-contract-sanctuary-ethereum/contracts/mainnet/bc/bc669054b3e846064cb680f478d2dfa7b9ca1d08_MNW.sol
100.00,100.00,0x5056da8790f55744a08ccd8bc9b7278d90b85c45,../../../../Git/cpg-contract-checker/data-collection/source-code/smart-contract-sanctuary-ethereum/contracts/mainnet/50/5056da8790f55744a08ccd8bc9b7278d90b85c45_COV.sol
100.00,100.00,0x9ec4b329484b6dd23882fd67a025baceef5ce98a,../../../../Git/cpg-contract-checker/data-collection/source-code/smart-contract-sanctuary-ethereum/contracts/mainnet/9e/9ec4b329484b6dd23882fd67a025baceef5ce98a_SNK.sol
100.00,100.00,0x5004ca8c6f27108de5d7a7b2446b16e7d72a44c3,../../../../Git/cpg-contract-checker/data-collection/source-code/smart-contract-sanctuary-ethereum/contracts/mainnet/50/5004ca8c6f27108de5d7a7b2446b16e7d72a44c3_OGBUDS.sol
100.00,100.00,0x5f595687c995e03ddbda19cbf9b830e452cd2712,../../../../Git/cpg-contract-checker/data-collection/source-code/smart-contract-sanctuary-ethereum/contracts/mainnet/5f/5f595687c995e03ddbda19cbf9b830e452cd2712_NYP.sol
100.00,100.00,0xa3a78b37a0837bc23b6c27c194e64e54e0120ba5,../../../../Git/cpg-contract-checker/data-collection/source-code/smart-contract-sanctuary-ethereum/contracts/mainnet/a3/a3a78b37a0837bc23b6c27c194e64e54e0120ba5_hihi.sol
100.00,100.00,0xb43a0ce424ff71a9eb104064ae48402158953af9,../../../../Git/cpg-contract-checker/data-collection/source-code/smart-contract-sanctuary-ethereum/contracts/mainnet/b4/b43a0ce424ff71a9eb104064ae48402158953af9_YUEG.sol
100.00,100.00,0x95ff492d238e6b2fd678010789bcfdb3ad62c30b,../../../../Git/cpg-contract-checker/data-collection/source-code/smart-contract-sanctuary-ethereum/contracts/mainnet/95/95ff492d238e6b2fd678010789bcfdb3ad62c30b_RIV.sol
100.00,100.00,0x5f1f194a2752294629894662f9782948b3981e1b,../../../../Git/cpg-contract-checker/data-collection/source-code/smart-contract-sanctuary-ethereum/contracts/mainnet/5f/5f1f194a2752294629894662f9782948b3981e1b_CRI.sol
100.00,100.00,0x5092369f2bfd492b925b11e3ca5fa9765dfe4905,../../../../Git/cpg-contract-checker/data-collection/source-code/smart-contract-sanctuary-ethereum/contracts/mainnet/50/5092369f2bfd492b925b11e3ca5fa9765dfe4905_kelly.sol
100.00,100.00,0x5ffbcbb01691a3c61d0ee8a2245e57343469f165,../../../../Git/cpg-contract-checker/data-collection/source-code/smart-contract-sanctuary-ethereum/contracts/mainnet/5f/5ffbcbb01691a3c61d0ee8a2245e57343469f165_MEYOU.sol
100.00,100.00,0x9ed0b20278e541bb45598e8059aa64fcbcd0939d,../../../../Git/cpg-contract-checker/data-collection/source-code/smart-contract-sanctuary-ethereum/contracts/mainnet/9e/9ed0b20278e541bb45598e8059aa64fcbcd0939d_FLTM.sol
100.00,100.00,0xbb930547497d0ac26b31a7e1fd7608730d228cfb,../../../../Git/cpg-contract-checker/data-collection/source-code/smart-contract-sanctuary-ethereum/contracts/mainnet/bb/bb930547497d0ac26b31a7e1fd7608730d228cfb_crzr.sol
100.00,100.00,0x9e17c5e8fc3305c2e4465f488dc7d4f7c866a830,../../../../Git/cpg-contract-checker/data-collection/source-code/smart-contract-sanctuary-ethereum/contracts/mainnet/9e/9e17c5e8fc3305c2e4465f488dc7d4f7c866a830_GIHL.sol
100.00,100.00,0x509d21e4bb3125bd692a75eaec279f4baa85ca19,../../../../Git/cpg-contract-checker/data-collection/source-code/smart-contract-sanctuary-ethereum/contracts/mainnet/50/509d21e4bb3125bd692a75eaec279f4baa85ca19_KOLOZ.sol
100.00,100.00,0xa35a817c68d5ab71484a13e332972907443b5b36,../../../../Git/cpg-contract-checker/data-collection/source-code/smart-contract-sanctuary-ethereum/contracts/mainnet/a3/a35a817c68d5ab71484a13e332972907443b5b36_GEM.sol
100.00,100.00,0x3c25efc500da9b322ee5281f7a15498a461019c0,../../../../Git/cpg-contract-checker/data-collection/source-code/smart-contract-sanctuary-ethereum/contracts/mainnet/3c/3c25efc500da9b322ee5281f7a15498a461019c0_MG.sol
100.00,100.00,0x3cd7a7a1942ce7b8aceeebacf700b4506cd7c6b3,../../../../Git/cpg-contract-checker/data-collection/source-code/smart-contract-sanctuary-ethereum/contracts/mainnet/3c/3cd7a7a1942ce7b8aceeebacf700b4506cd7c6b3_DMD.sol
100.00,100.00,0xbce8de108a43e760638cd5a0705037aced892674,../../../../Git/cpg-contract-checker/data-collection/source-code/smart-contract-sanctuary-ethereum/contracts/mainnet/bc/bce8de108a43e760638cd5a0705037aced892674_ADEC.sol
100.00,100.00,0xbba0e48cd7c6e7176b85dd10e6651be9d815faaa,../../../../Git/cpg-contract-checker/data-collection/source-code/smart-contract-sanctuary-ethereum/contracts/mainnet/bb/bba0e48cd7c6e7176b85dd10e6651be9d815faaa_QWEK.sol
100.00,100.00,0x5078373d5977ddff3d80229fa46f38a74f6327e5,../../../../Git/cpg-contract-checker/data-collection/source-code/smart-contract-sanctuary-ethereum/contracts/mainnet/50/5078373d5977ddff3d80229fa46f38a74f6327e5_HYVE.sol
100.00,100.00,0x50c9ae7985b6497889d88e26f89566c1c7cd5f83,../../../../Git/cpg-contract-checker/data-collection/source-code/smart-contract-sanctuary-ethereum/contracts/mainnet/50/50c9ae7985b6497889d88e26f89566c1c7cd5f83_LBKV.sol
100.00,100.00,0x9e9111ea5c61cdca715b4e5c85606f4ec6d9567f,../../../../Git/cpg-contract-checker/data-collection/source-code/smart-contract-sanctuary-ethereum/contracts/mainnet/9e/9e9111ea5c61cdca715b4e5c85606f4ec6d9567f_VIP.sol
100.00,100.00,0xa3e5067f3f18872094d0255069c0a5b68862d7ef,../../../../Git/cpg-contract-checker/data-collection/source-code/smart-contract-sanctuary-ethereum/contracts/mainnet/a3/a3e5067f3f18872094d0255069c0a5b68862d7ef_TJM.sol
100.00,100.00,0x33435088903c74bab76b88b3d176266eff746f03,../../../../Git/cpg-contract-checker/data-collection/source-code/smart-contract-sanctuary-ethereum/contracts/mainnet/33/33435088903c74bab76b88b3d176266eff746f03_AMTR.sol
100.00,100.00,0xbc3743edf4e1317f5f3c5e7d18fe043044ade9ff,../../../../Git/cpg-contract-checker/data-collection/source-code/smart-contract-sanctuary-ethereum/contracts/mainnet/bc/bc3743edf4e1317f5f3c5e7d18fe043044ade9ff_RFV.sol
100.00,100.00,0x9ecfe552552dfb860ca2665ab81ed3e36257814d,../../../../Git/cpg-contract-checker/data-collection/source-code/smart-contract-sanctuary-ethereum/contracts/mainnet/9e/9ecfe552552dfb860ca2665ab81ed3e36257814d_SMTA.sol
100.00,100.00,0x5695dc303888b0a523c01291a11158be603b7d3a,../../../../Git/cpg-contract-checker/data-collection/source-code/smart-contract-sanctuary-ethereum/contracts/mainnet/56/5695dc303888b0a523c01291a11158be603b7d3a_CARVAN.sol
100.00,100.00,0x9ecaa2181f8919049c2cc162436733b30723c5b3,../../../../Git/cpg-contract-checker/data-collection/source-code/smart-contract-sanctuary-ethereum/contracts/mainnet/9e/9ecaa2181f8919049c2cc162436733b30723c5b3_joje.sol
100.00,100.00,0x9eb3a6e1c76b4d19cfced9dcb6cc3b09e3169b12,../../../../Git/cpg-contract-checker/data-collection/source-code/smart-contract-sanctuary-ethereum/contracts/mainnet/9e/9eb3a6e1c76b4d19cfced9dcb6cc3b09e3169b12_MBA.sol
100.00,100.00,0x3394c64a9465567c183d62f974e225c010757447,../../../../Git/cpg-contract-checker/data-collection/source-code/smart-contract-sanctuary-ethereum/contracts/mainnet/33/3394c64a9465567c183d62f974e225c010757447_JZPV.sol
100.00,100.00,0x3328b8ce093df5a4c03bed96c3f7ffaed03ad184,../../../../Git/cpg-contract-checker/data-collection/source-code/smart-contract-sanctuary-ethereum/contracts/mainnet/33/3328b8ce093df5a4c03bed96c3f7ffaed03ad184_DIS.sol
100.00,100.00,0xb4d71b1eb96d19bc7a90fece28c599afe1b745d4,../../../../Git/cpg-contract-checker/data-collection/source-code/smart-contract-sanctuary-ethereum/contracts/mainnet/b4/b4d71b1eb96d19bc7a90fece28c599afe1b745d4_DIWF.sol
100.00,100.00,0x68fdbcce43306671ab50a706257012a3dec47206,../../../../Git/cpg-contract-checker/data-collection/source-code/smart-contract-sanctuary-ethereum/contracts/mainnet/68/68fdbcce43306671ab50a706257012a3dec47206_DOM122334.sol
100.00,100.00,0x9ee6a4048d0196e9b03aab0a96c8074ca18b18bd,../../../../Git/cpg-contract-checker/data-collection/source-code/smart-contract-sanctuary-ethereum/contracts/mainnet/9e/9ee6a4048d0196e9b03aab0a96c8074ca18b18bd_CLST.sol
100.00,100.00,0xb4f9c436907d8dacd9be9955590256a34de12caa,../../../../Git/cpg-contract-checker/data-collection/source-code/smart-contract-sanctuary-ethereum/contracts/mainnet/b4/b4f9c436907d8dacd9be9955590256a34de12caa_STFUHOMIES.sol
100.00,100.00,0x5f70e09da42155734bd20f5f2e1f881e82012b19,../../../../Git/cpg-contract-checker/data-collection/source-code/smart-contract-sanctuary-ethereum/contracts/mainnet/5f/5f70e09da42155734bd20f5f2e1f881e82012b19_qqq.sol
100.00,100.00,0x959aea78a2daea9a51a470caed7cf3ede8d0bb60,../../../../Git/cpg-contract-checker/data-collection/source-code/smart-contract-sanctuary-ethereum/contracts/mainnet/95/959aea78a2daea9a51a470caed7cf3ede8d0bb60_ABED.sol
100.00,100.00,0xbcf7e67aed6ebfdef1059578153df2414542b511,../../../../Git/cpg-contract-checker/data-collection/source-code/smart-contract-sanctuary-ethereum/contracts/mainnet/bc/bcf7e67aed6ebfdef1059578153df2414542b511_BLO.sol
100.00,100.00,0x68f33a61d73c334302e6a616713b495579de6767,../../../../Git/cpg-contract-checker/data-collection/source-code/smart-contract-sanctuary-ethereum/contracts/mainnet/68/68f33a61d73c334302e6a616713b495579de6767_WAVES.sol
100.00,100.00,0x93f3769b37701308df2fa15e5c71124943976f27,../../../../Git/cpg-contract-checker/data-collection/source-code/smart-contract-sanctuary-ethereum/contracts/mainnet/93/93f3769b37701308df2fa15e5c71124943976f27_DAF.sol
100.00,100.00,0xb423c18aaf43b57c6c4658e2d98e4c28fbdb3179,../../../../Git/cpg-contract-checker/data-collection/source-code/smart-contract-sanctuary-ethereum/contracts/mainnet/b4/b423c18aaf43b57c6c4658e2d98e4c28fbdb3179_LGL.sol
100.00,100.00,0x5fbe38c725064bed18b4d45c9addec65622e0749,../../../../Git/cpg-contract-checker/data-collection/source-code/smart-contract-sanctuary-ethereum/contracts/mainnet/5f/5fbe38c725064bed18b4d45c9addec65622e0749_devine.sol
100.00,100.00,0xbbb3aa8b33b3be4469c6f6765962d51478d24623,../../../../Git/cpg-contract-checker/data-collection/source-code/smart-contract-sanctuary-ethereum/contracts/mainnet/bb/bbb3aa8b33b3be4469c6f6765962d51478d24623_TINNTW.sol
100.00,100.00,0x9500e4f7719c558820b348d1adee154a51943742,../../../../Git/cpg-contract-checker/data-collection/source-code/smart-contract-sanctuary-ethereum/contracts/mainnet/95/9500e4f7719c558820b348d1adee154a51943742_CROOK.sol
100.00,100.00,0xb488aed9966c381350e7f1d069ccad00ec265c2a,../../../../Git/cpg-contract-checker/data-collection/source-code/smart-contract-sanctuary-ethereum/contracts/mainnet/b4/b488aed9966c381350e7f1d069ccad00ec265c2a_ZNOIR.sol
100.00,100.00,0x93741484800bd9bc4016676f995a03e37b8b1e20,../../../../Git/cpg-contract-checker/data-collection/source-code/smart-contract-sanctuary-ethereum/contracts/mainnet/93/93741484800bd9bc4016676f995a03e37b8b1e20_BIG.sol
100.00,100.00,0xd7ec83789602b1fdea08fa1e06bb78147522ddbd,../../../../Git/cpg-contract-checker/data-collection/source-code/smart-contract-sanctuary-ethereum/contracts/mainnet/d7/d7ec83789602b1fdea08fa1e06bb78147522ddbd_RWMBA.sol
100.00,100.00,0x9ec41b56dce10b951094b9a603d2a51782116493,../../../../Git/cpg-contract-checker/data-collection/source-code/smart-contract-sanctuary-ethereum/contracts/mainnet/9e/9ec41b56dce10b951094b9a603d2a51782116493_BDIES.sol
100.00,100.00,0x934bb239b99063a2e156da40e250822572c00a84,../../../../Git/cpg-contract-checker/data-collection/source-code/smart-contract-sanctuary-ethereum/contracts/mainnet/93/934bb239b99063a2e156da40e250822572c00a84_HIKARI.sol
100.00,100.00,0x337a72d732c1777e96258420aa02d16c1245572c,../../../../Git/cpg-contract-checker/data-collection/source-code/smart-contract-sanctuary-ethereum/contracts/mainnet/33/337a72d732c1777e96258420aa02d16c1245572c_NEON.sol
100.00,100.00,0x93a0ce753a72f2bfe475f5b45abf5c0b2dd5864f,../../../../Git/cpg-contract-checker/data-collection/source-code/smart-contract-sanctuary-ethereum/contracts/mainnet/93/93a0ce753a72f2bfe475f5b45abf5c0b2dd5864f_OTFFA.sol
100.00,100.00,0x95c5ea26a649951d25107a47ac0a08302929813d,../../../../Git/cpg-contract-checker/data-collection/source-code/smart-contract-sanctuary-ethereum/contracts/mainnet/95/95c5ea26a649951d25107a47ac0a08302929813d_HELP.sol
100.00,100.00,0x561d5bd9fe0adfd311343f3160dc79de44a7b86d,../../../../Git/cpg-contract-checker/data-collection/source-code/smart-contract-sanctuary-ethereum/contracts/mainnet/56/561d5bd9fe0adfd311343f3160dc79de44a7b86d_OB.sol
100.00,100.00,0x93458440270452ab70324f772e2f051f4af57850,../../../../Git/cpg-contract-checker/data-collection/source-code/smart-contract-sanctuary-ethereum/contracts/mainnet/93/93458440270452ab70324f772e2f051f4af57850_GHNWF.sol
100.00,100.00,0xa39aa9c099e52729b4cdde853efbc3b2bcc567b7,../../../../Git/cpg-contract-checker/data-collection/source-code/smart-contract-sanctuary-ethereum/contracts/mainnet/a3/a39aa9c099e52729b4cdde853efbc3b2bcc567b7_PATO.sol
100.00,100.00,0xa36b65f8d7d62679c9e85e469d19e3b27db45d4c,../../../../Git/cpg-contract-checker/data-collection/source-code/smart-contract-sanctuary-ethereum/contracts/mainnet/a3/a36b65f8d7d62679c9e85e469d19e3b27db45d4c_RCSAP.sol
100.00,100.00,0xb4afa1c2ec0dacd24f16babd27171626b901ffe0,../../../../Git/cpg-contract-checker/data-collection/source-code/smart-contract-sanctuary-ethereum/contracts/mainnet/b4/b4afa1c2ec0dacd24f16babd27171626b901ffe0_NBg.sol
100.00,100.00,0xa3ef8cf28e0ce768cb26be53fc55f978a502f5cb,../../../../Git/cpg-contract-checker/data-collection/source-code/smart-contract-sanctuary-ethereum/contracts/mainnet/a3/a3ef8cf28e0ce768cb26be53fc55f978a502f5cb_SIGN.sol
100.00,100.00,0x563c71472d4d3618c089e3057fd6eb4baa4b28b9,../../../../Git/cpg-contract-checker/data-collection/source-code/smart-contract-sanctuary-ethereum/contracts/mainnet/56/563c71472d4d3618c089e3057fd6eb4baa4b28b9_dd.sol
100.00,100.00,0xb4b33f869b1b0d17343213083b8996d0c927635f,../../../../Git/cpg-contract-checker/data-collection/source-code/smart-contract-sanctuary-ethereum/contracts/mainnet/b4/b4b33f869b1b0d17343213083b8996d0c927635f_MIS.sol
100.00,100.00,0x9592f1fd0724f152d1dafaef204b3fbff1f9990a,../../../../Git/cpg-contract-checker/data-collection/source-code/smart-contract-sanctuary-ethereum/contracts/mainnet/95/9592f1fd0724f152d1dafaef204b3fbff1f9990a_AIP.sol
100.00,100.00,0x9ecc65f6e5ae35bf9cf2cba0456e4a593c4ef104,../../../../Git/cpg-contract-checker/data-collection/source-code/smart-contract-sanctuary-ethereum/contracts/mainnet/9e/9ecc65f6e5ae35bf9cf2cba0456e4a593c4ef104_HELL.sol
100.00,100.00,0xa388d51c7ed825c9ebdbb4cef2e4ab032fd1da9c,../../../../Git/cpg-contract-checker/data-collection/source-code/smart-contract-sanctuary-ethereum/contracts/mainnet/a3/a388d51c7ed825c9ebdbb4cef2e4ab032fd1da9c_AGX.sol
100.00,100.00,0xbcbf4e481e6578a4dd4ad1d6a1c71bc0427c9cd5,../../../../Git/cpg-contract-checker/data-collection/source-code/smart-contract-sanctuary-ethereum/contracts/mainnet/bc/bcbf4e481e6578a4dd4ad1d6a1c71bc0427c9cd5_HFAZ1.sol
100.00,100.00,0xb416d6d3d28dae5f9d1fa2de48c195184d1eb3c4,../../../../Git/cpg-contract-checker/data-collection/source-code/smart-contract-sanctuary-ethereum/contracts/mainnet/b4/b416d6d3d28dae5f9d1fa2de48c195184d1eb3c4_KEYCP.sol
100.00,100.00,0xbc5733d7dc2477020f5c472bac1bd86015707b03,../../../../Git/cpg-contract-checker/data-collection/source-code/smart-contract-sanctuary-ethereum/contracts/mainnet/bc/bc5733d7dc2477020f5c472bac1bd86015707b03_AMWA.sol
100.00,100.00,0x68118f4cccf0582ca15c7ee72d9376c5331ca4a7,../../../../Git/cpg-contract-checker/data-collection/source-code/smart-contract-sanctuary-ethereum/contracts/mainnet/68/68118f4cccf0582ca15c7ee72d9376c5331ca4a7_NASI.sol
100.00,100.00,0x5616529b3f65ffd4cf707d96b3183e6edabd120c,../../../../Git/cpg-contract-checker/data-collection/source-code/smart-contract-sanctuary-ethereum/contracts/mainnet/56/5616529b3f65ffd4cf707d96b3183e6edabd120c_OZH.sol
100.00,100.00,0x935637ef6915b8344a943290e1d9a9caf3d6b3c3,../../../../Git/cpg-contract-checker/data-collection/source-code/smart-contract-sanctuary-ethereum/contracts/mainnet/93/935637ef6915b8344a943290e1d9a9caf3d6b3c3_SPORE2.sol
100.00,100.00,0x680ac4f5363283b33c716fcc2cd7d1176e95d425,../../../../Git/cpg-contract-checker/data-collection/source-code/smart-contract-sanctuary-ethereum/contracts/mainnet/68/680ac4f5363283b33c716fcc2cd7d1176e95d425_APNKZ.sol
100.00,100.00,0x936af63d3a3978ee389ee0af5c4f807d11daf52a,../../../../Git/cpg-contract-checker/data-collection/source-code/smart-contract-sanctuary-ethereum/contracts/mainnet/93/936af63d3a3978ee389ee0af5c4f807d11daf52a_GOWH.sol
100.00,100.00,0xa340cf0793cb251cdff1f91c0406dad3ef17f0ee,../../../../Git/cpg-contract-checker/data-collection/source-code/smart-contract-sanctuary-ethereum/contracts/mainnet/a3/a340cf0793cb251cdff1f91c0406dad3ef17f0ee_N8x.sol
100.00,100.00,0x56d532513779746f12609244e40f7127c9a54d56,../../../../Git/cpg-contract-checker/data-collection/source-code/smart-contract-sanctuary-ethereum/contracts/mainnet/56/56d532513779746f12609244e40f7127c9a54d56_BLK.sol
100.00,100.00,0x68ab4fd2bf5cbfc7cfc70b73c5822fd6bc300642,../../../../Git/cpg-contract-checker/data-collection/source-code/smart-contract-sanctuary-ethereum/contracts/mainnet/68/68ab4fd2bf5cbfc7cfc70b73c5822fd6bc300642_BPs.sol
100.00,100.00,0x9efab42115566b9493a6e1f5c2966bb924c6c34c,../../../../Git/cpg-contract-checker/data-collection/source-code/smart-contract-sanctuary-ethereum/contracts/mainnet/9e/9efab42115566b9493a6e1f5c2966bb924c6c34c_eli.sol
100.00,100.00,0x9550b89e78e96a3b63975f4afcc6773861e48335,../../../../Git/cpg-contract-checker/data-collection/source-code/smart-contract-sanctuary-ethereum/contracts/mainnet/95/9550b89e78e96a3b63975f4afcc6773861e48335_BEANS.sol
100.00,100.00,0xb4e04f4fecc73c57611805d48e79c410cc9fb0a8,../../../../Git/cpg-contract-checker/data-collection/source-code/smart-contract-sanctuary-ethereum/contracts/mainnet/b4/b4e04f4fecc73c57611805d48e79c410cc9fb0a8_GCDREAMS.sol
100.00,100.00,0x93172d9054d712db18ba2da8e3b0e1cc0e370bd0,../../../../Git/cpg-contract-checker/data-collection/source-code/smart-contract-sanctuary-ethereum/contracts/mainnet/93/93172d9054d712db18ba2da8e3b0e1cc0e370bd0_TR4U.sol
100.00,100.00,0x9e919035652259eb6b23a5056fdff1ec97edf1d3,../../../../Git/cpg-contract-checker/data-collection/source-code/smart-contract-sanctuary-ethereum/contracts/mainnet/9e/9e919035652259eb6b23a5056fdff1ec97edf1d3_FPM.sol
100.00,100.00,0xb42f360248e537e603f41921215dee3ecf2565e8,../../../../Git/cpg-contract-checker/data-collection/source-code/smart-contract-sanctuary-ethereum/contracts/mainnet/b4/b42f360248e537e603f41921215dee3ecf2565e8_KL.sol
100.00,100.00,0xbba15af1e02beef357232728ce72ac2341378ff1,../../../../Git/cpg-contract-checker/data-collection/source-code/smart-contract-sanctuary-ethereum/contracts/mainnet/bb/bba15af1e02beef357232728ce72ac2341378ff1_SHRIMP.sol
100.00,100.00,0x56ecfa174815fbe30d422920116ebdac396077a8,../../../../Git/cpg-contract-checker/data-collection/source-code/smart-contract-sanctuary-ethereum/contracts/mainnet/56/56ecfa174815fbe30d422920116ebdac396077a8_AEAF.sol
100.00,100.00,0x952b97a9e46e9e3031d5e404f2835b657db83b31,../../../../Git/cpg-contract-checker/data-collection/source-code/smart-contract-sanctuary-ethereum/contracts/mainnet/95/952b97a9e46e9e3031d5e404f2835b657db83b31_CUM.sol
100.00,100.00,0xbb067120546331b01499f816d1a5e2f710b3e78c,../../../../Git/cpg-contract-checker/data-collection/source-code/smart-contract-sanctuary-ethereum/contracts/mainnet/bb/bb067120546331b01499f816d1a5e2f710b3e78c_JRBP.sol
100.00,100.00,0x569b2d50c513570a0aade68aa3b1b256dc34a23a,../../../../Git/cpg-contract-checker/data-collection/source-code/smart-contract-sanctuary-ethereum/contracts/mainnet/56/569b2d50c513570a0aade68aa3b1b256dc34a23a_silly.sol
100.00,100.00,0x5f408496554c82ddf0b69588c8d74ce10f43b9c8,../../../../Git/cpg-contract-checker/data-collection/source-code/smart-contract-sanctuary-ethereum/contracts/mainnet/5f/5f408496554c82ddf0b69588c8d74ce10f43b9c8_LHCOMMISSIONS.sol
100.00,100.00,0xb4cd171e53953112dbe99d22badfec41f52e4b68,../../../../Git/cpg-contract-checker/data-collection/source-code/smart-contract-sanctuary-ethereum/contracts/mainnet/b4/b4cd171e53953112dbe99d22badfec41f52e4b68_SIDE.sol
100.00,100.00,0x56b892feb00024a961bc59b5d486fe6046b80387,../../../../Git/cpg-contract-checker/data-collection/source-code/smart-contract-sanctuary-ethereum/contracts/mainnet/56/56b892feb00024a961bc59b5d486fe6046b80387_N1K.sol
100.00,100.00,0x56c60c4f60816c2561c9d89a91e71c816a527462,../../../../Git/cpg-contract-checker/data-collection/source-code/smart-contract-sanctuary-ethereum/contracts/mainnet/56/56c60c4f60816c2561c9d89a91e71c816a527462_S2S2.sol
100.00,100.00,0x9ee57cbb4ac56917bbd90fa3d8cd3a9160069aad,../../../../Git/cpg-contract-checker/data-collection/source-code/smart-contract-sanctuary-ethereum/contracts/mainnet/9e/9ee57cbb4ac56917bbd90fa3d8cd3a9160069aad_RB.sol
100.00,100.00,0x33f5589bd31c5d4f8dfed780352a554bb2843487,../../../../Git/cpg-contract-checker/data-collection/source-code/smart-contract-sanctuary-ethereum/contracts/mainnet/33/33f5589bd31c5d4f8dfed780352a554bb2843487_DIRTY.sol
100.00,100.00,0x68c2b3b50972c46665472d4cb11b76c225966582,../../../../Git/cpg-contract-checker/data-collection/source-code/smart-contract-sanctuary-ethereum/contracts/mainnet/68/68c2b3b50972c46665472d4cb11b76c225966582_FIZZ.sol
100.00,100.00,0x95826ba8b544c009c56d91647f8f01a818c8c149,../../../../Git/cpg-contract-checker/data-collection/source-code/smart-contract-sanctuary-ethereum/contracts/mainnet/95/95826ba8b544c009c56d91647f8f01a818c8c149_haltx.sol
100.00,100.00,0xb4cd3998d6e5ca87e7261594c1f9eba55c0dd37f,../../../../Git/cpg-contract-checker/data-collection/source-code/smart-contract-sanctuary-ethereum/contracts/mainnet/b4/b4cd3998d6e5ca87e7261594c1f9eba55c0dd37f_IAT.sol
100.00,100.00,0x566567b0ba12f4cbab60208091eac7019da3bfa7,../../../../Git/cpg-contract-checker/data-collection/source-code/smart-contract-sanctuary-ethereum/contracts/mainnet/56/566567b0ba12f4cbab60208091eac7019da3bfa7_SNOW.sol
100.00,100.00,0xa3e62470973ac9d1265a4d08cf456f01e05720dd,../../../../Git/cpg-contract-checker/data-collection/source-code/smart-contract-sanctuary-ethereum/contracts/mainnet/a3/a3e62470973ac9d1265a4d08cf456f01e05720dd_WAVE.sol
100.00,100.00,0x9ec6322590561dcbc4b6783414146febc02be76c,../../../../Git/cpg-contract-checker/data-collection/source-code/smart-contract-sanctuary-ethereum/contracts/mainnet/9e/9ec6322590561dcbc4b6783414146febc02be76c_m1.sol
100.00,100.00,0x9e96e2daf42203da6882576bbae93cb558acd168,../../../../Git/cpg-contract-checker/data-collection/source-code/smart-contract-sanctuary-ethereum/contracts/mainnet/9e/9e96e2daf42203da6882576bbae93cb558acd168_STRAW.sol
100.00,100.00,0x95bc700c99b4dd23f0a80838a5da9b2ffbf507c0,../../../../Git/cpg-contract-checker/data-collection/source-code/smart-contract-sanctuary-ethereum/contracts/mainnet/95/95bc700c99b4dd23f0a80838a5da9b2ffbf507c0_REDPLANET.sol
100.00,100.00,0x950e68f203b7416308ee89d0a73b4f16bdb92f12,../../../../Git/cpg-contract-checker/data-collection/source-code/smart-contract-sanctuary-ethereum/contracts/mainnet/95/950e68f203b7416308ee89d0a73b4f16bdb92f12_shadesofgold.sol
100.00,100.00,0x56069f920a443e500e3716e5c4d5dbb270f32fe0,../../../../Git/cpg-contract-checker/data-collection/source-code/smart-contract-sanctuary-ethereum/contracts/mainnet/56/56069f920a443e500e3716e5c4d5dbb270f32fe0_BNKN.sol
100.00,100.00,0x954e057aff99c1248030e154d2d146f1f78951c5,../../../../Git/cpg-contract-checker/data-collection/source-code/smart-contract-sanctuary-ethereum/contracts/mainnet/95/954e057aff99c1248030e154d2d146f1f78951c5_PDaoContrCoun.sol
100.00,100.00,0x93dabbd217e81a126972f733f5172f752bbfed5a,../../../../Git/cpg-contract-checker/data-collection/source-code/smart-contract-sanctuary-ethereum/contracts/mainnet/93/93dabbd217e81a126972f733f5172f752bbfed5a_FOOF.sol
100.00,100.00,0xbcc8187e14a476a8f249a7c4dfccc5d429d821c7,../../../../Git/cpg-contract-checker/data-collection/source-code/smart-contract-sanctuary-ethereum/contracts/mainnet/bc/bcc8187e14a476a8f249a7c4dfccc5d429d821c7_CoDo.sol
100.00,100.00,0xb41d5f585e93a540f234ed0e5048e6fa6d6027d7,../../../../Git/cpg-contract-checker/data-collection/source-code/smart-contract-sanctuary-ethereum/contracts/mainnet/b4/b41d5f585e93a540f234ed0e5048e6fa6d6027d7_BMB.sol
100.00,100.00,0x3393ee28d9822a4fe5ba6dbdcaf0587d84b6ca46,../../../../Git/cpg-contract-checker/data-collection/source-code/smart-contract-sanctuary-ethereum/contracts/mainnet/33/3393ee28d9822a4fe5ba6dbdcaf0587d84b6ca46_CC.sol
100.00,100.00,0xbcbeac7f4715cb1b2da8d48d6a7a244f298e840b,../../../../Git/cpg-contract-checker/data-collection/source-code/smart-contract-sanctuary-ethereum/contracts/mainnet/bc/bcbeac7f4715cb1b2da8d48d6a7a244f298e840b_HMGGH.sol
100.00,100.00,0xb46eC704dF6D827665B851cD3aaDa925cFD37fcA,../../../../Git/cpg-contract-checker/data-collection/source-code/smart-contract-sanctuary-ethereum/contracts/mainnet/b4/b46eC704dF6D827665B851cD3aaDa925cFD37fcA_DAAHS.sol
100.00,100.00,0x9e42c3c5748774180c84e75b4192f1e12fe9823c,../../../../Git/cpg-contract-checker/data-collection/source-code/smart-contract-sanctuary-ethereum/contracts/mainnet/9e/9e42c3c5748774180c84e75b4192f1e12fe9823c_ISOPJRNY.sol
100.00,100.00,0xbc4523c19b73697815c569030f2b627463ae685a,../../../../Git/cpg-contract-checker/data-collection/source-code/smart-contract-sanctuary-ethereum/contracts/mainnet/bc/bc4523c19b73697815c569030f2b627463ae685a_MRBE.sol
100.00,100.00,0x683a52f53d830ff9da2de821c4e5399f53a5ff03,../../../../Git/cpg-contract-checker/data-collection/source-code/smart-contract-sanctuary-ethereum/contracts/mainnet/68/683a52f53d830ff9da2de821c4e5399f53a5ff03_mbdb.sol
100.00,100.00,0xae57da456e4a42d6190dd14327542624514f984f,../../../../Git/cpg-contract-checker/data-collection/source-code/smart-contract-sanctuary-ethereum/contracts/mainnet/ae/ae57da456e4a42d6190dd14327542624514f984f_MDLC.sol
100.00,100.00,0x5693543fea3a7028ad5c71b4f1c273123df05f1c,../../../../Git/cpg-contract-checker/data-collection/source-code/smart-contract-sanctuary-ethereum/contracts/mainnet/56/5693543fea3a7028ad5c71b4f1c273123df05f1c_MM.sol
100.00,100.00,0xd731e4dce9e1c9311503e7e7bfd4dab59b59b103,../../../../Git/cpg-contract-checker/data-collection/source-code/smart-contract-sanctuary-ethereum/contracts/mainnet/d7/d731e4dce9e1c9311503e7e7bfd4dab59b59b103_BTE.sol
100.00,100.00,0x68280db164935e8dc6b7fe1b973a6b9c8f9145fa,../../../../Git/cpg-contract-checker/data-collection/source-code/smart-contract-sanctuary-ethereum/contracts/mainnet/68/68280db164935e8dc6b7fe1b973a6b9c8f9145fa_CC.sol
100.00,100.00,0x93d438f815e4c92d5ea6ae5a1f2c83db679ff2e7,../../../../Git/cpg-contract-checker/data-collection/source-code/smart-contract-sanctuary-ethereum/contracts/mainnet/93/93d438f815e4c92d5ea6ae5a1f2c83db679ff2e7_MMNTS.sol
100.00,100.00,0xa35b48c991fc363d2b070d2bf185ca2325134a72,../../../../Git/cpg-contract-checker/data-collection/source-code/smart-contract-sanctuary-ethereum/contracts/mainnet/a3/a35b48c991fc363d2b070d2bf185ca2325134a72_Xi.sol
100.00,100.00,0xd7af2d64a519b4aefe57fb9c0f4142b52183bbaf,../../../../Git/cpg-contract-checker/data-collection/source-code/smart-contract-sanctuary-ethereum/contracts/mainnet/d7/d7af2d64a519b4aefe57fb9c0f4142b52183bbaf_AWS.sol
100.00,100.00,0x9eb690bff8fb7e873dfb33072558c8379ec88243,../../../../Git/cpg-contract-checker/data-collection/source-code/smart-contract-sanctuary-ethereum/contracts/mainnet/9e/9eb690bff8fb7e873dfb33072558c8379ec88243_NTWN.sol
100.00,100.00,0x68ce69de7f80e5ac85ac8f13869a2b710b4d0ce1,../../../../Git/cpg-contract-checker/data-collection/source-code/smart-contract-sanctuary-ethereum/contracts/mainnet/68/68ce69de7f80e5ac85ac8f13869a2b710b4d0ce1_Place.sol
100.00,100.00,0x93497f063bf21bffb068ceb909bb31d9a4383dec,../../../../Git/cpg-contract-checker/data-collection/source-code/smart-contract-sanctuary-ethereum/contracts/mainnet/93/93497f063bf21bffb068ceb909bb31d9a4383dec_TCP.sol
100.00,100.00,0x9365df28cd6610c4839550b73b30c8538ae7520e,../../../../Git/cpg-contract-checker/data-collection/source-code/smart-contract-sanctuary-ethereum/contracts/mainnet/93/9365df28cd6610c4839550b73b30c8538ae7520e_MINISC.sol
100.00,100.00,0xae060dc36b019c1f4789da60360f84db91603f6c,../../../../Git/cpg-contract-checker/data-collection/source-code/smart-contract-sanctuary-ethereum/contracts/mainnet/ae/ae060dc36b019c1f4789da60360f84db91603f6c_PXFG.sol
100.00,100.00,0xd72fb6e4ebedc876078cfab63ad1722f11e1045e,../../../../Git/cpg-contract-checker/data-collection/source-code/smart-contract-sanctuary-ethereum/contracts/mainnet/d7/d72fb6e4ebedc876078cfab63ad1722f11e1045e_series.sol
100.00,100.00,0xb4d736574963c246ef6012a50565cdfc072dde5a,../../../../Git/cpg-contract-checker/data-collection/source-code/smart-contract-sanctuary-ethereum/contracts/mainnet/b4/b4d736574963c246ef6012a50565cdfc072dde5a_ad.sol
100.00,100.00,0x56d09a1193e9467a106575d18262f751760b4fc7,../../../../Git/cpg-contract-checker/data-collection/source-code/smart-contract-sanctuary-ethereum/contracts/mainnet/56/56d09a1193e9467a106575d18262f751760b4fc7_THIS.sol
100.00,100.00,0x9e12bfbf6ef6460e697548fac727c58f2be27875,../../../../Git/cpg-contract-checker/data-collection/source-code/smart-contract-sanctuary-ethereum/contracts/mainnet/9e/9e12bfbf6ef6460e697548fac727c58f2be27875_BillyDEdition.sol
100.00,100.00,0xb4ceda61eab190e262a5ab3673ee795ab7af2120,../../../../Git/cpg-contract-checker/data-collection/source-code/smart-contract-sanctuary-ethereum/contracts/mainnet/b4/b4ceda61eab190e262a5ab3673ee795ab7af2120_BLT.sol
100.00,100.00,0xa37d94cd414721f58b89f3b43617111b26597319,../../../../Git/cpg-contract-checker/data-collection/source-code/smart-contract-sanctuary-ethereum/contracts/mainnet/a3/a37d94cd414721f58b89f3b43617111b26597319_jvlv.sol
100.00,100.00,0x56946afa3e57782ba4130cd0a6b8a8d6f917ed56,../../../../Git/cpg-contract-checker/data-collection/source-code/smart-contract-sanctuary-ethereum/contracts/mainnet/56/56946afa3e57782ba4130cd0a6b8a8d6f917ed56_BXNES.sol
100.00,100.00,0xa3572bb748209ca191e1f16d2b65c53192504b4b,../../../../Git/cpg-contract-checker/data-collection/source-code/smart-contract-sanctuary-ethereum/contracts/mainnet/a3/a3572bb748209ca191e1f16d2b65c53192504b4b_SHD.sol
100.00,100.00,0x566bf5a271bb1b9c83ace6a8916e5bd80351869c,../../../../Git/cpg-contract-checker/data-collection/source-code/smart-contract-sanctuary-ethereum/contracts/mainnet/56/566bf5a271bb1b9c83ace6a8916e5bd80351869c_TRGR.sol
100.00,100.00,0x9ea765b081c55352aaf61d3231c7a88a1642b59f,../../../../Git/cpg-contract-checker/data-collection/source-code/smart-contract-sanctuary-ethereum/contracts/mainnet/9e/9ea765b081c55352aaf61d3231c7a88a1642b59f_tower.sol
100.00,100.00,0xb416bf07b5a50d38131325a1a0cb7ae53ffd2a1f,../../../../Git/cpg-contract-checker/data-collection/source-code/smart-contract-sanctuary-ethereum/contracts/mainnet/b4/b416bf07b5a50d38131325a1a0cb7ae53ffd2a1f_UHHES.sol
100.00,100.00,0x682674bd8999f203bf083c92b87b93f0a4a0eb2d,../../../../Git/cpg-contract-checker/data-collection/source-code/smart-contract-sanctuary-ethereum/contracts/mainnet/68/682674bd8999f203bf083c92b87b93f0a4a0eb2d_VFotm.sol
100.00,100.00,0x33d0a46315b08d3bd1b035214e55ec8c5dafd709,../../../../Git/cpg-contract-checker/data-collection/source-code/smart-contract-sanctuary-ethereum/contracts/mainnet/33/33d0a46315b08d3bd1b035214e55ec8c5dafd709_PHOTO.sol
100.00,100.00,0x9539bb3162860b380d3349ea0d015c4fb4178a2f,../../../../Git/cpg-contract-checker/data-collection/source-code/smart-contract-sanctuary-ethereum/contracts/mainnet/95/9539bb3162860b380d3349ea0d015c4fb4178a2f_LVS.sol
100.00,100.00,0x9314cfed4d5021d1b486a09243311dd25dd68cea,../../../../Git/cpg-contract-checker/data-collection/source-code/smart-contract-sanctuary-ethereum/contracts/mainnet/93/9314cfed4d5021d1b486a09243311dd25dd68cea_KRLNG.sol
100.00,100.00,0x3349f79ac9ca51df151f51f9474eeb0561d1623a,../../../../Git/cpg-contract-checker/data-collection/source-code/smart-contract-sanctuary-ethereum/contracts/mainnet/33/3349f79ac9ca51df151f51f9474eeb0561d1623a_ANCHORC.sol
100.00,100.00,0x68c2c89c32e47ba04055d0c23b4d2ec9590a8713,../../../../Git/cpg-contract-checker/data-collection/source-code/smart-contract-sanctuary-ethereum/contracts/mainnet/68/68c2c89c32e47ba04055d0c23b4d2ec9590a8713_TDRS.sol
100.00,100.00,0xae81e0da9078b00140b423bb96115f453ad0061f,../../../../Git/cpg-contract-checker/data-collection/source-code/smart-contract-sanctuary-ethereum/contracts/mainnet/ae/ae81e0da9078b00140b423bb96115f453ad0061f_SWT.sol
100.00,100.00,0x561cb7ea929a5572705e31a6bc7c0730c9dec45e,../../../../Git/cpg-contract-checker/data-collection/source-code/smart-contract-sanctuary-ethereum/contracts/mainnet/56/561cb7ea929a5572705e31a6bc7c0730c9dec45e_COCOLARRY.sol
100.00,100.00,0xae1889deebb94c299c9b67ebe6b7a618bb0bd6ed,../../../../Git/cpg-contract-checker/data-collection/source-code/smart-contract-sanctuary-ethereum/contracts/mainnet/ae/ae1889deebb94c299c9b67ebe6b7a618bb0bd6ed_BCP.sol
100.00,100.00,0x6833fb759e15bc451bb7fe02d6af014ab56635fa,../../../../Git/cpg-contract-checker/data-collection/source-code/smart-contract-sanctuary-ethereum/contracts/mainnet/68/6833fb759e15bc451bb7fe02d6af014ab56635fa_MOONBIRDS.sol
100.00,100.00,0x93a430dffdc5f79d2d8ca574c137a124ad1a21c4,../../../../Git/cpg-contract-checker/data-collection/source-code/smart-contract-sanctuary-ethereum/contracts/mainnet/93/93a430dffdc5f79d2d8ca574c137a124ad1a21c4_AEA.sol
100.00,100.00,0xd748eda77aab0a1ca09553395dbebc1941553d61,../../../../Git/cpg-contract-checker/data-collection/source-code/smart-contract-sanctuary-ethereum/contracts/mainnet/d7/d748eda77aab0a1ca09553395dbebc1941553d61_CMYK.sol
100.00,100.00,0x9330424f89970ef1a42df1127657550368bf64ef,../../../../Git/cpg-contract-checker/data-collection/source-code/smart-contract-sanctuary-ethereum/contracts/mainnet/93/9330424f89970ef1a42df1127657550368bf64ef_mld.sol
100.00,100.00,0x56df8a55f2a19b0eec33da6b58f750017cfe29d3,../../../../Git/cpg-contract-checker/data-collection/source-code/smart-contract-sanctuary-ethereum/contracts/mainnet/56/56df8a55f2a19b0eec33da6b58f750017cfe29d3_HUSTL.sol
100.00,100.00,0x68632dab20974653413224d4ba66dc21053cda49,../../../../Git/cpg-contract-checker/data-collection/source-code/smart-contract-sanctuary-ethereum/contracts/mainnet/68/68632dab20974653413224d4ba66dc21053cda49_OHAGI.sol
100.00,100.00,0x9328209ff875c4beff6edcb7ac486513861855ae,../../../../Git/cpg-contract-checker/data-collection/source-code/smart-contract-sanctuary-ethereum/contracts/mainnet/93/9328209ff875c4beff6edcb7ac486513861855ae_ARCAN.sol
100.00,100.00,0xa3d18f94afcafa8cc33948ed00b556408c67632d,../../../../Git/cpg-contract-checker/data-collection/source-code/smart-contract-sanctuary-ethereum/contracts/mainnet/a3/a3d18f94afcafa8cc33948ed00b556408c67632d_Yii.sol
100.00,100.00,0x9425e142bf46c87c02bcd3c4deafc7db9469665b,../../../../Git/cpg-contract-checker/data-collection/source-code/smart-contract-sanctuary-ethereum/contracts/mainnet/94/9425e142bf46c87c02bcd3c4deafc7db9469665b_AFA.sol
100.00,100.00,0xb5976f8008ea3e989870584c37cf9b7c1dfec8dd,../../../../Git/cpg-contract-checker/data-collection/source-code/smart-contract-sanctuary-ethereum/contracts/mainnet/b5/b5976f8008ea3e989870584c37cf9b7c1dfec8dd_ARTFSHN.sol
100.00,100.00,0xb5d9be762d282db5f79ac66b327b2a5ec50e3e18,../../../../Git/cpg-contract-checker/data-collection/source-code/smart-contract-sanctuary-ethereum/contracts/mainnet/b5/b5d9be762d282db5f79ac66b327b2a5ec50e3e18_NCCB.sol
100.00,100.00,0x5966e0f6c21a99e593a3897ef6974e813d77f541,../../../../Git/cpg-contract-checker/data-collection/source-code/smart-contract-sanctuary-ethereum/contracts/mainnet/59/5966e0f6c21a99e593a3897ef6974e813d77f541_TSN.sol
100.00,100.00,0x3392577deb8e7ec6c1b9f03f486a0bfaec83801d,../../../../Git/cpg-contract-checker/data-collection/source-code/smart-contract-sanctuary-ethereum/contracts/mainnet/33/3392577deb8e7ec6c1b9f03f486a0bfaec83801d_BEING.sol
100.00,100.00,0x9485c271e433cd18b63b238ae557a94a20397c97,../../../../Git/cpg-contract-checker/data-collection/source-code/smart-contract-sanctuary-ethereum/contracts/mainnet/94/9485c271e433cd18b63b238ae557a94a20397c97_Ut.sol
100.00,100.00,0xb58d8c9fbdc61e847f4b5c2809e59636ba9a3f30,../../../../Git/cpg-contract-checker/data-collection/source-code/smart-contract-sanctuary-ethereum/contracts/mainnet/b5/b58d8c9fbdc61e847f4b5c2809e59636ba9a3f30_ORCH.sol
100.00,100.00,0x94bbde37046955d972543c6423d035ab0d34c80c,../../../../Git/cpg-contract-checker/data-collection/source-code/smart-contract-sanctuary-ethereum/contracts/mainnet/94/94bbde37046955d972543c6423d035ab0d34c80c_SALIHA.sol
100.00,100.00,0x94925029d6902959527dfb9db74e2bdb5e2c704e,../../../../Git/cpg-contract-checker/data-collection/source-code/smart-contract-sanctuary-ethereum/contracts/mainnet/94/94925029d6902959527dfb9db74e2bdb5e2c704e_mbeat.sol
100.00,100.00,0x33c4cfd1e1fdab57e8599c2702916953f8829495,../../../../Git/cpg-contract-checker/data-collection/source-code/smart-contract-sanctuary-ethereum/contracts/mainnet/33/33c4cfd1e1fdab57e8599c2702916953f8829495_AIDISTURBIA.sol
100.00,100.00,0xb46eb9c3b29469950b9c9b25335314516d79e0e9,../../../../Git/cpg-contract-checker/data-collection/source-code/smart-contract-sanctuary-ethereum/contracts/mainnet/b4/b46eb9c3b29469950b9c9b25335314516d79e0e9_meme.sol
100.00,100.00,0x94c01770f95ba6217b7aab78ceec4043736b1bcb,../../../../Git/cpg-contract-checker/data-collection/source-code/smart-contract-sanctuary-ethereum/contracts/mainnet/94/94c01770f95ba6217b7aab78ceec4043736b1bcb_RCD.sol
100.00,100.00,0x335174fa5f3e8dd719f30d7486e7f16eb0e5fad4,../../../../Git/cpg-contract-checker/data-collection/source-code/smart-contract-sanctuary-ethereum/contracts/mainnet/33/335174fa5f3e8dd719f30d7486e7f16eb0e5fad4_NWO.sol
100.00,100.00,0x946ea31af1b4cb074b654efba7002f99b6429265,../../../../Git/cpg-contract-checker/data-collection/source-code/smart-contract-sanctuary-ethereum/contracts/mainnet/94/946ea31af1b4cb074b654efba7002f99b6429265_UDER.sol
100.00,100.00,0xb58165d69102238bc4df6a89b3f615458831ffe5,../../../../Git/cpg-contract-checker/data-collection/source-code/smart-contract-sanctuary-ethereum/contracts/mainnet/b5/b58165d69102238bc4df6a89b3f615458831ffe5_SLA.sol
100.00,100.00,0xb4a7c463ca713cb204d26da5d1e579565ee3ab90,../../../../Git/cpg-contract-checker/data-collection/source-code/smart-contract-sanctuary-ethereum/contracts/mainnet/b4/b4a7c463ca713cb204d26da5d1e579565ee3ab90_CWO.sol
100.00,100.00,0x68b71b721ccfe8fd34489c49103158b1aa7fe480,../../../../Git/cpg-contract-checker/data-collection/source-code/smart-contract-sanctuary-ethereum/contracts/mainnet/68/68b71b721ccfe8fd34489c49103158b1aa7fe480_HRLS.sol
100.00,100.00,0xb550fb18bd27054cd08a77ea883831f7e4674abb,../../../../Git/cpg-contract-checker/data-collection/source-code/smart-contract-sanctuary-ethereum/contracts/mainnet/b5/b550fb18bd27054cd08a77ea883831f7e4674abb_SEAISEE.sol
100.00,100.00,0x046607fe815dde53aaa3256a12f549d627c9d40d,../../../../Git/cpg-contract-checker/data-collection/source-code/smart-contract-sanctuary-ethereum/contracts/mainnet/04/046607fe815dde53aaa3256a12f549d627c9d40d_HWDD.sol
100.00,100.00,0x3384aa1cbc7f698040c1865430a29b35d89c54ec,../../../../Git/cpg-contract-checker/data-collection/source-code/smart-contract-sanctuary-ethereum/contracts/mainnet/33/3384aa1cbc7f698040c1865430a29b35d89c54ec_WIZNY.sol
100.00,100.00,0xb46bff563b563b13a01bf097d78d501bad75b340,../../../../Git/cpg-contract-checker/data-collection/source-code/smart-contract-sanctuary-ethereum/contracts/mainnet/b4/b46bff563b563b13a01bf097d78d501bad75b340_FUELR.sol
100.00,100.00,0x59cf81363411776b99023505cac0ae031f50b165,../../../../Git/cpg-contract-checker/data-collection/source-code/smart-contract-sanctuary-ethereum/contracts/mainnet/59/59cf81363411776b99023505cac0ae031f50b165_Za.sol
100.00,100.00,0xd7b8d05a70c0e8321e0d43075dc1d409cb770b47,../../../../Git/cpg-contract-checker/data-collection/source-code/smart-contract-sanctuary-ethereum/contracts/mainnet/d7/d7b8d05a70c0e8321e0d43075dc1d409cb770b47_CWEYPHEN.sol
100.00,100.00,0x68818e5ede9de0c16fcba7b402050118c3014b4a,../../../../Git/cpg-contract-checker/data-collection/source-code/smart-contract-sanctuary-ethereum/contracts/mainnet/68/68818e5ede9de0c16fcba7b402050118c3014b4a_HIP.sol
100.00,100.00,0xd79f662202ac731883fa53f34a7f0369d973b9ad,../../../../Git/cpg-contract-checker/data-collection/source-code/smart-contract-sanctuary-ethereum/contracts/mainnet/d7/d79f662202ac731883fa53f34a7f0369d973b9ad_GIFOETRY.sol
100.00,100.00,0xa25858cd91ef347b387c1575e0795654e5cbdd93,../../../../Git/cpg-contract-checker/data-collection/source-code/smart-contract-sanctuary-ethereum/contracts/mainnet/a2/a25858cd91ef347b387c1575e0795654e5cbdd93_LOVE.sol
100.00,100.00,0xa2ca0a54359c50b0fe3ffdba2b11b7e91d4f5b11,../../../../Git/cpg-contract-checker/data-collection/source-code/smart-contract-sanctuary-ethereum/contracts/mainnet/a2/a2ca0a54359c50b0fe3ffdba2b11b7e91d4f5b11_TST.sol
100.00,100.00,0x56ac82cc0d9d736a5118cf2084dd0bd4695ff224,../../../../Git/cpg-contract-checker/data-collection/source-code/smart-contract-sanctuary-ethereum/contracts/mainnet/56/56ac82cc0d9d736a5118cf2084dd0bd4695ff224_photor.sol
100.00,100.00,0x93a2655a163bcb65c57da2d727d423de48801bfd,../../../../Git/cpg-contract-checker/data-collection/source-code/smart-contract-sanctuary-ethereum/contracts/mainnet/93/93a2655a163bcb65c57da2d727d423de48801bfd_MDB.sol
100.00,100.00,0x563f85500cf38f10de3476e83d49d8c228fe5592,../../../../Git/cpg-contract-checker/data-collection/source-code/smart-contract-sanctuary-ethereum/contracts/mainnet/56/563f85500cf38f10de3476e83d49d8c228fe5592_OPH.sol
100.00,100.00,0x9ed93220e3e70e89f878326c45e7d0059f787a1c,../../../../Git/cpg-contract-checker/data-collection/source-code/smart-contract-sanctuary-ethereum/contracts/mainnet/9e/9ed93220e3e70e89f878326c45e7d0059f787a1c_SVSNAPS.sol
100.00,100.00,0x337775e630db06a488012c7d37958df2afac4c9a,../../../../Git/cpg-contract-checker/data-collection/source-code/smart-contract-sanctuary-ethereum/contracts/mainnet/33/337775e630db06a488012c7d37958df2afac4c9a_LTA.sol
100.00,100.00,0x93215f89484cb1dfdf511b6991cf527b22cd4c04,../../../../Git/cpg-contract-checker/data-collection/source-code/smart-contract-sanctuary-ethereum/contracts/mainnet/93/93215f89484cb1dfdf511b6991cf527b22cd4c04_WANG.sol
100.00,100.00,0x33ea5090e70ab3a168da4077b51d8fc23dc2c99f,../../../../Git/cpg-contract-checker/data-collection/source-code/smart-contract-sanctuary-ethereum/contracts/mainnet/33/33ea5090e70ab3a168da4077b51d8fc23dc2c99f_BELLA.sol
100.00,100.00,0xd761b036f07903d6e1a609186d2a5fc06a74226b,../../../../Git/cpg-contract-checker/data-collection/source-code/smart-contract-sanctuary-ethereum/contracts/mainnet/d7/d761b036f07903d6e1a609186d2a5fc06a74226b_otmr1.sol
100.00,100.00,0xb5c759c2a1fec91a02acfb8abf67e015ff0f7dd4,../../../../Git/cpg-contract-checker/data-collection/source-code/smart-contract-sanctuary-ethereum/contracts/mainnet/b5/b5c759c2a1fec91a02acfb8abf67e015ff0f7dd4_VFotm.sol
100.00,100.00,0x9ed28cbaa06f63d45a88a64110a78cfeed31d1d2,../../../../Git/cpg-contract-checker/data-collection/source-code/smart-contract-sanctuary-ethereum/contracts/mainnet/9e/9ed28cbaa06f63d45a88a64110a78cfeed31d1d2_DREAM.sol
100.00,100.00,0xd79c2c8f944596c460ad07fe38943b7d14386266,../../../../Git/cpg-contract-checker/data-collection/source-code/smart-contract-sanctuary-ethereum/contracts/mainnet/d7/d79c2c8f944596c460ad07fe38943b7d14386266_AGMNT.sol
100.00,100.00,0x9e26eab35f75901ce8b8ad523786b05a5b11d9f3,../../../../Git/cpg-contract-checker/data-collection/source-code/smart-contract-sanctuary-ethereum/contracts/mainnet/9e/9e26eab35f75901ce8b8ad523786b05a5b11d9f3_web69.sol
100.00,100.00,0x94714ed30b1b56db52bf2b70d0d8e5b730a2d279,../../../../Git/cpg-contract-checker/data-collection/source-code/smart-contract-sanctuary-ethereum/contracts/mainnet/94/94714ed30b1b56db52bf2b70d0d8e5b730a2d279_NOODLES.sol
100.00,100.00,0x33b1e1a1f33995868efb6441a465e194fd08db5e,../../../../Git/cpg-contract-checker/data-collection/source-code/smart-contract-sanctuary-ethereum/contracts/mainnet/33/33b1e1a1f33995868efb6441a465e194fd08db5e_ATMM.sol
100.00,100.00,0xd7fcc7996ce97c536af27143b14b95fd55050595,../../../../Git/cpg-contract-checker/data-collection/source-code/smart-contract-sanctuary-ethereum/contracts/mainnet/d7/d7fcc7996ce97c536af27143b14b95fd55050595_Misplace.sol
100.00,100.00,0x334b85f36411c5e043795063bb0d76b59152b863,../../../../Git/cpg-contract-checker/data-collection/source-code/smart-contract-sanctuary-ethereum/contracts/mainnet/33/334b85f36411c5e043795063bb0d76b59152b863_SSO.sol
100.00,100.00,0xb419602488c734fbfff23e185d2dcf02e6eb646d,../../../../Git/cpg-contract-checker/data-collection/source-code/smart-contract-sanctuary-ethereum/contracts/mainnet/b4/b419602488c734fbfff23e185d2dcf02e6eb646d_EXP.sol
100.00,100.00,0xaebc68b5411c042ddfc14c5116808aeb9b4ec0a7,../../../../Git/cpg-contract-checker/data-collection/source-code/smart-contract-sanctuary-ethereum/contracts/mainnet/ae/aebc68b5411c042ddfc14c5116808aeb9b4ec0a7_PPP.sol
100.00,100.00,0x9edab2d988f455e1b8bd764ce7ab2bea133e63b5,../../../../Git/cpg-contract-checker/data-collection/source-code/smart-contract-sanctuary-ethereum/contracts/mainnet/9e/9edab2d988f455e1b8bd764ce7ab2bea133e63b5_STMDS.sol
100.00,100.00,0x593c5a94c9101a6773b7e4d5480285fa434ff5d9,../../../../Git/cpg-contract-checker/data-collection/source-code/smart-contract-sanctuary-ethereum/contracts/mainnet/59/593c5a94c9101a6773b7e4d5480285fa434ff5d9_REM.sol
100.00,100.00,0x9e90ad2476707e624a9e991fc71d421856f60de6,../../../../Git/cpg-contract-checker/data-collection/source-code/smart-contract-sanctuary-ethereum/contracts/mainnet/9e/9e90ad2476707e624a9e991fc71d421856f60de6_ZUXORI.sol
100.00,100.00,0xae347cb15c79d56ff3f162cb4089954e6b2fc901,../../../../Git/cpg-contract-checker/data-collection/source-code/smart-contract-sanctuary-ethereum/contracts/mainnet/ae/ae347cb15c79d56ff3f162cb4089954e6b2fc901_SxP.sol
100.00,100.00,0x59fd34eb5c9d6674f0661774ec6f8ad92e7f2489,../../../../Git/cpg-contract-checker/data-collection/source-code/smart-contract-sanctuary-ethereum/contracts/mainnet/59/59fd34eb5c9d6674f0661774ec6f8ad92e7f2489_portals000.sol
100.00,100.00,0xb4403aa20cbfed4b0a0455d7369be613f003dc2f,../../../../Git/cpg-contract-checker/data-collection/source-code/smart-contract-sanctuary-ethereum/contracts/mainnet/b4/b4403aa20cbfed4b0a0455d7369be613f003dc2f_ANAP.sol
100.00,100.00,0x33e9c38ce37f09b0ad72329556f9472d55e81354,../../../../Git/cpg-contract-checker/data-collection/source-code/smart-contract-sanctuary-ethereum/contracts/mainnet/33/33e9c38ce37f09b0ad72329556f9472d55e81354_cffe2.sol
100.00,100.00,0x597d1af617e37267f30ac8ec58d7aff2ab4d57ca,../../../../Git/cpg-contract-checker/data-collection/source-code/smart-contract-sanctuary-ethereum/contracts/mainnet/59/597d1af617e37267f30ac8ec58d7aff2ab4d57ca_xArtificialx.sol
100.00,100.00,0x94879b2304f27bdf4626986a919f9a9c81966290,../../../../Git/cpg-contract-checker/data-collection/source-code/smart-contract-sanctuary-ethereum/contracts/mainnet/94/94879b2304f27bdf4626986a919f9a9c81966290_RISE.sol
100.00,100.00,0xd77acc3b22bc056ed9bba21d4a9135e90edc2593,../../../../Git/cpg-contract-checker/data-collection/source-code/smart-contract-sanctuary-ethereum/contracts/mainnet/d7/d77acc3b22bc056ed9bba21d4a9135e90edc2593_MRAMMOU.sol
100.00,100.00,0xd746cbf65716784bd01e5c200c636f7ddf8fcbdd,../../../../Git/cpg-contract-checker/data-collection/source-code/smart-contract-sanctuary-ethereum/contracts/mainnet/d7/d746cbf65716784bd01e5c200c636f7ddf8fcbdd_ETH.sol
100.00,100.00,0x56af50562755011657169313e3fd0b1114d0f2ee,../../../../Git/cpg-contract-checker/data-collection/source-code/smart-contract-sanctuary-ethereum/contracts/mainnet/56/56af50562755011657169313e3fd0b1114d0f2ee_BONEYSAIC.sol
100.00,100.00,0xd7edd525c0f71e286755dac6ee8fa7cadfa88428,../../../../Git/cpg-contract-checker/data-collection/source-code/smart-contract-sanctuary-ethereum/contracts/mainnet/d7/d7edd525c0f71e286755dac6ee8fa7cadfa88428_LFA22.sol
100.00,100.00,0xae9c06876d14f5eb7eed6168c674cfde81009a50,../../../../Git/cpg-contract-checker/data-collection/source-code/smart-contract-sanctuary-ethereum/contracts/mainnet/ae/ae9c06876d14f5eb7eed6168c674cfde81009a50_esc8.sol
100.00,100.00,0x33b9ebd29663ef247600e26185547b3237d8b6a8,../../../../Git/cpg-contract-checker/data-collection/source-code/smart-contract-sanctuary-ethereum/contracts/mainnet/33/33b9ebd29663ef247600e26185547b3237d8b6a8_GRAVES.sol
100.00,100.00,0x599ed3782e7e5affc6cee6ff389edb152428da32,../../../../Git/cpg-contract-checker/data-collection/source-code/smart-contract-sanctuary-ethereum/contracts/mainnet/59/599ed3782e7e5affc6cee6ff389edb152428da32_SOE.sol
100.00,100.00,0x59d9778e4c60bd18fbe4b983291a31d4714d47c9,../../../../Git/cpg-contract-checker/data-collection/source-code/smart-contract-sanctuary-ethereum/contracts/mainnet/59/59d9778e4c60bd18fbe4b983291a31d4714d47c9_CODX.sol
100.00,100.00,0x336fa6bddc10fe82229ace9e30fe585d1cda246d,../../../../Git/cpg-contract-checker/data-collection/source-code/smart-contract-sanctuary-ethereum/contracts/mainnet/33/336fa6bddc10fe82229ace9e30fe585d1cda246d_RGSP.sol
100.00,100.00,0x59db2717d688f379524ef622dcea7d23c1d49528,../../../../Git/cpg-contract-checker/data-collection/source-code/smart-contract-sanctuary-ethereum/contracts/mainnet/59/59db2717d688f379524ef622dcea7d23c1d49528_MPLMA.sol
100.00,100.00,0xb5b23590ad9b08705dd8b85bf79853f90111962a,../../../../Git/cpg-contract-checker/data-collection/source-code/smart-contract-sanctuary-ethereum/contracts/mainnet/b5/b5b23590ad9b08705dd8b85bf79853f90111962a_MWAVY.sol
100.00,100.00,0xae9e7565c1f2bb776d5354a76141c81ea913ac61,../../../../Git/cpg-contract-checker/data-collection/source-code/smart-contract-sanctuary-ethereum/contracts/mainnet/ae/ae9e7565c1f2bb776d5354a76141c81ea913ac61_eNFT.sol
100.00,100.00,0x599d3888fa0a0e42d5f7a9a97c88f6b0a4ef62a1,../../../../Git/cpg-contract-checker/data-collection/source-code/smart-contract-sanctuary-ethereum/contracts/mainnet/59/599d3888fa0a0e42d5f7a9a97c88f6b0a4ef62a1_SLK01.sol
100.00,100.00,0x597860e2fdf7909de066ae23520b57c4e8f07a2f,../../../../Git/cpg-contract-checker/data-collection/source-code/smart-contract-sanctuary-ethereum/contracts/mainnet/59/597860e2fdf7909de066ae23520b57c4e8f07a2f_JN1C.sol
100.00,100.00,0xa280da59cae87b4e2fe17b276210745748496c84,../../../../Git/cpg-contract-checker/data-collection/source-code/smart-contract-sanctuary-ethereum/contracts/mainnet/a2/a280da59cae87b4e2fe17b276210745748496c84_MA.sol
100.00,100.00,0x9eb99a8ddb2e96c310a34b979096eab3d9a8137b,../../../../Git/cpg-contract-checker/data-collection/source-code/smart-contract-sanctuary-ethereum/contracts/mainnet/9e/9eb99a8ddb2e96c310a34b979096eab3d9a8137b_lAIa.sol
100.00,100.00,0x33fea4b39eb461b71167d913fac79315b6e0f161,../../../../Git/cpg-contract-checker/data-collection/source-code/smart-contract-sanctuary-ethereum/contracts/mainnet/33/33fea4b39eb461b71167d913fac79315b6e0f161_MAE.sol
100.00,100.00,0x04e137477b880e738a2591c95b2dfd4698b78790,../../../../Git/cpg-contract-checker/data-collection/source-code/smart-contract-sanctuary-ethereum/contracts/mainnet/04/04e137477b880e738a2591c95b2dfd4698b78790_Strangers.sol
100.00,100.00,0xA2E7781264c6d7472901a586Fac856003830Fa91,../../../../Git/cpg-contract-checker/data-collection/source-code/smart-contract-sanctuary-ethereum/contracts/mainnet/a2/A2E7781264c6d7472901a586Fac856003830Fa91_GTFC.sol
100.00,100.00,0x944d5d34dbde6a49e307e06e8254beac79072917,../../../../Git/cpg-contract-checker/data-collection/source-code/smart-contract-sanctuary-ethereum/contracts/mainnet/94/944d5d34dbde6a49e307e06e8254beac79072917_BASEFEE.sol
100.00,100.00,0xa27a46eaa64638ea22c4001916e47f3d4b2d2b60,../../../../Git/cpg-contract-checker/data-collection/source-code/smart-contract-sanctuary-ethereum/contracts/mainnet/a2/a27a46eaa64638ea22c4001916e47f3d4b2d2b60_WoWs.sol
100.00,100.00,0x5912253222ca9489e79d7e148887369cf3169168,../../../../Git/cpg-contract-checker/data-collection/source-code/smart-contract-sanctuary-ethereum/contracts/mainnet/59/5912253222ca9489e79d7e148887369cf3169168_AMER.sol
100.00,100.00,0x335d77a80e6042a00fb67647fe3b7333c9939937,../../../../Git/cpg-contract-checker/data-collection/source-code/smart-contract-sanctuary-ethereum/contracts/mainnet/33/335d77a80e6042a00fb67647fe3b7333c9939937_KIREEVART.sol
100.00,100.00,0xd7049353cbee29db857530d6f41aef4452947b07,../../../../Git/cpg-contract-checker/data-collection/source-code/smart-contract-sanctuary-ethereum/contracts/mainnet/d7/d7049353cbee29db857530d6f41aef4452947b07_NFTCL.sol
100.00,100.00,0x333cf9329fdecca4cc01cc2d0d1240ad83afaa22,../../../../Git/cpg-contract-checker/data-collection/source-code/smart-contract-sanctuary-ethereum/contracts/mainnet/33/333cf9329fdecca4cc01cc2d0d1240ad83afaa22_SOFrf.sol
100.00,100.00,0x56caa1fa8a690ed90453af46ab239d15b3d359be,../../../../Git/cpg-contract-checker/data-collection/source-code/smart-contract-sanctuary-ethereum/contracts/mainnet/56/56caa1fa8a690ed90453af46ab239d15b3d359be_uran.sol
100.00,100.00,0x562914ef273cddb3ddc02e68c4ce6d9b1e5e8fa7,../../../../Git/cpg-contract-checker/data-collection/source-code/smart-contract-sanctuary-ethereum/contracts/mainnet/56/562914ef273cddb3ddc02e68c4ce6d9b1e5e8fa7_CRB.sol
100.00,100.00,0xb599d886eb28bc96168750a7ddeb106d80292290,../../../../Git/cpg-contract-checker/data-collection/source-code/smart-contract-sanctuary-ethereum/contracts/mainnet/b5/b599d886eb28bc96168750a7ddeb106d80292290_PDCC0.sol
100.00,100.00,0x9ed37c89c5c811f4bccd032fb33679ab9c58946e,../../../../Git/cpg-contract-checker/data-collection/source-code/smart-contract-sanctuary-ethereum/contracts/mainnet/9e/9ed37c89c5c811f4bccd032fb33679ab9c58946e_CYFRENS.sol
100.00,100.00,0xd751b30127402fe37982170277045eac29804ac1,../../../../Git/cpg-contract-checker/data-collection/source-code/smart-contract-sanctuary-ethereum/contracts/mainnet/d7/d751b30127402fe37982170277045eac29804ac1_AG.sol
100.00,100.00,0x33dedba07639f3604f93dff6fea20bab0c39fc76,../../../../Git/cpg-contract-checker/data-collection/source-code/smart-contract-sanctuary-ethereum/contracts/mainnet/33/33dedba07639f3604f93dff6fea20bab0c39fc76_BLNKM.sol
100.00,100.00,0x68866bb620223e6407e4476ef3c7da260faa2abb,../../../../Git/cpg-contract-checker/data-collection/source-code/smart-contract-sanctuary-ethereum/contracts/mainnet/68/68866bb620223e6407e4476ef3c7da260faa2abb_WHEEL.sol
100.00,100.00,0x04077825fe923f8da5c621cefe21ac9631825863,../../../../Git/cpg-contract-checker/data-collection/source-code/smart-contract-sanctuary-ethereum/contracts/mainnet/04/04077825fe923f8da5c621cefe21ac9631825863_tspe.sol
100.00,100.00,0x943f1fac75973f5277a3c74e95df7d9d5391dbac,../../../../Git/cpg-contract-checker/data-collection/source-code/smart-contract-sanctuary-ethereum/contracts/mainnet/94/943f1fac75973f5277a3c74e95df7d9d5391dbac_SOM.sol
100.00,100.00,0x04ba6e76d0eeaa24fc3613e9a9a61e22ee96f6ab,../../../../Git/cpg-contract-checker/data-collection/source-code/smart-contract-sanctuary-ethereum/contracts/mainnet/04/04ba6e76d0eeaa24fc3613e9a9a61e22ee96f6ab_BSQLLS.sol
100.00,100.00,0x0477cfb1c0e1b3d2762f8e8a9a57bb64b298354b,../../../../Git/cpg-contract-checker/data-collection/source-code/smart-contract-sanctuary-ethereum/contracts/mainnet/04/0477cfb1c0e1b3d2762f8e8a9a57bb64b298354b_TBAE.sol
100.00,100.00,0x94038d93d7668f704e2d305d3296171c95c63492,../../../../Git/cpg-contract-checker/data-collection/source-code/smart-contract-sanctuary-ethereum/contracts/mainnet/94/94038d93d7668f704e2d305d3296171c95c63492_CAEH.sol
100.00,100.00,0x568ff901f8db6eccd55fb7b850a5ab263c4e2945,../../../../Git/cpg-contract-checker/data-collection/source-code/smart-contract-sanctuary-ethereum/contracts/mainnet/56/568ff901f8db6eccd55fb7b850a5ab263c4e2945_ESXRE.sol
100.00,100.00,0x33b91925ca86867805f26a2a831ea9972e82a0b9,../../../../Git/cpg-contract-checker/data-collection/source-code/smart-contract-sanctuary-ethereum/contracts/mainnet/33/33b91925ca86867805f26a2a831ea9972e82a0b9_METRO.sol
100.00,100.00,0xd73c80754188c0f545f6d2b979a4a3dfb1a2f118,../../../../Git/cpg-contract-checker/data-collection/source-code/smart-contract-sanctuary-ethereum/contracts/mainnet/d7/d73c80754188c0f545f6d2b979a4a3dfb1a2f118_MSBD.sol
100.00,100.00,0x5937e421ad1d9255caf1d95c034382afe649a9a3,../../../../Git/cpg-contract-checker/data-collection/source-code/smart-contract-sanctuary-ethereum/contracts/mainnet/59/5937e421ad1d9255caf1d95c034382afe649a9a3_M1.sol
100.00,100.00,0xd75a5606ab087470ee361a59843f8374bb72f093,../../../../Git/cpg-contract-checker/data-collection/source-code/smart-contract-sanctuary-ethereum/contracts/mainnet/d7/d75a5606ab087470ee361a59843f8374bb72f093_SHELL.sol
100.00,100.00,0x563816fac556d1e5b03d2e1e6598d31b201e9d06,../../../../Git/cpg-contract-checker/data-collection/source-code/smart-contract-sanctuary-ethereum/contracts/mainnet/56/563816fac556d1e5b03d2e1e6598d31b201e9d06_HALO.sol
100.00,100.00,0x33f1a078a30e8dac378272a9b8b18b587234ba3d,../../../../Git/cpg-contract-checker/data-collection/source-code/smart-contract-sanctuary-ethereum/contracts/mainnet/33/33f1a078a30e8dac378272a9b8b18b587234ba3d_KHT.sol
100.00,100.00,0x68ad720d65e9e51e7fb31ba41634b658e4f01a82,../../../../Git/cpg-contract-checker/data-collection/source-code/smart-contract-sanctuary-ethereum/contracts/mainnet/68/68ad720d65e9e51e7fb31ba41634b658e4f01a82_GOOPY.sol
100.00,100.00,0x5646abfc5020e6d936e8062b714a3393944ac56c,../../../../Git/cpg-contract-checker/data-collection/source-code/smart-contract-sanctuary-ethereum/contracts/mainnet/56/5646abfc5020e6d936e8062b714a3393944ac56c_hoe.sol
100.00,100.00,0xd758378295310ebf43b431627ab6d9f3bbac6489,../../../../Git/cpg-contract-checker/data-collection/source-code/smart-contract-sanctuary-ethereum/contracts/mainnet/d7/d758378295310ebf43b431627ab6d9f3bbac6489_CLAYM.sol
100.00,100.00,0xae5f416f47b4081c31d1dccffb598ed65f94a06d,../../../../Git/cpg-contract-checker/data-collection/source-code/smart-contract-sanctuary-ethereum/contracts/mainnet/ae/ae5f416f47b4081c31d1dccffb598ed65f94a06d_PARASITE.sol
100.00,100.00,0x59f9d83a723b9f7e17c886500c73865cad911ba8,../../../../Git/cpg-contract-checker/data-collection/source-code/smart-contract-sanctuary-ethereum/contracts/mainnet/59/59f9d83a723b9f7e17c886500c73865cad911ba8_WNDR.sol
100.00,100.00,0x940f2b4d1da8bbf6335c7bc9ed9eb70220bd6d1b,../../../../Git/cpg-contract-checker/data-collection/source-code/smart-contract-sanctuary-ethereum/contracts/mainnet/94/940f2b4d1da8bbf6335c7bc9ed9eb70220bd6d1b_OAPE.sol
100.00,100.00,0x56e6f8df801c697ca848471f63d3cfd5d28d7170,../../../../Git/cpg-contract-checker/data-collection/source-code/smart-contract-sanctuary-ethereum/contracts/mainnet/56/56e6f8df801c697ca848471f63d3cfd5d28d7170_psyche.sol
100.00,100.00,0xb4d069d1738b02c9c791551c5183f5e1cb01c556,../../../../Git/cpg-contract-checker/data-collection/source-code/smart-contract-sanctuary-ethereum/contracts/mainnet/b4/b4d069d1738b02c9c791551c5183f5e1cb01c556_DRSCP.sol
100.00,100.00,0xae7f74bd0772b9f020bd7b375385713e45f9985f,../../../../Git/cpg-contract-checker/data-collection/source-code/smart-contract-sanctuary-ethereum/contracts/mainnet/ae/ae7f74bd0772b9f020bd7b375385713e45f9985f_MAGEAUX.sol
100.00,100.00,0x94dbe072d8f43ad93dd2662824f4dd2c07fdb03f,../../../../Git/cpg-contract-checker/data-collection/source-code/smart-contract-sanctuary-ethereum/contracts/mainnet/94/94dbe072d8f43ad93dd2662824f4dd2c07fdb03f_TSFDOTMW.sol
100.00,100.00,0x59c77c15eac1f245b277d89b7041ec7f26a8dae2,../../../../Git/cpg-contract-checker/data-collection/source-code/smart-contract-sanctuary-ethereum/contracts/mainnet/59/59c77c15eac1f245b277d89b7041ec7f26a8dae2_Life.sol
100.00,100.00,0x68001e3d9d9a9480829372be8aaf112da8e69892,../../../../Git/cpg-contract-checker/data-collection/source-code/smart-contract-sanctuary-ethereum/contracts/mainnet/68/68001e3d9d9a9480829372be8aaf112da8e69892_KM.sol
100.00,100.00,0x5999199ddbcc11ccacfcfae268ac90ccf3913d14,../../../../Git/cpg-contract-checker/data-collection/source-code/smart-contract-sanctuary-ethereum/contracts/mainnet/59/5999199ddbcc11ccacfcfae268ac90ccf3913d14_QAA.sol
100.00,100.00,0xa34ffd0d132ea92bd04f48b1b50f053c8a3a1b6f,../../../../Git/cpg-contract-checker/data-collection/source-code/smart-contract-sanctuary-ethereum/contracts/mainnet/a3/a34ffd0d132ea92bd04f48b1b50f053c8a3a1b6f_PHOTOGRAPHY3.sol
100.00,100.00,0x599b597f62d911fa51f36767c1e2245704c36122,../../../../Git/cpg-contract-checker/data-collection/source-code/smart-contract-sanctuary-ethereum/contracts/mainnet/59/599b597f62d911fa51f36767c1e2245704c36122_MD.sol
100.00,100.00,0x5627a73c2b818bf34dc3fce0e463c14b2c1d3cb6,../../../../Git/cpg-contract-checker/data-collection/source-code/smart-contract-sanctuary-ethereum/contracts/mainnet/56/5627a73c2b818bf34dc3fce0e463c14b2c1d3cb6_HIKI.sol
100.00,100.00,0xaef6e515303fc35703038db36e03fe44f930efe0,../../../../Git/cpg-contract-checker/data-collection/source-code/smart-contract-sanctuary-ethereum/contracts/mainnet/ae/aef6e515303fc35703038db36e03fe44f930efe0_BLAIRS.sol
100.00,100.00,0xd7a0921faa9222af1ced7a567c4381a4df8abf9c,../../../../Git/cpg-contract-checker/data-collection/source-code/smart-contract-sanctuary-ethereum/contracts/mainnet/d7/d7a0921faa9222af1ced7a567c4381a4df8abf9c_ZANK.sol
100.00,100.00,0x94e7a1c8597a4eec783606a75fb04af48528caf3,../../../../Git/cpg-contract-checker/data-collection/source-code/smart-contract-sanctuary-ethereum/contracts/mainnet/94/94e7a1c8597a4eec783606a75fb04af48528caf3_MPLAS.sol
100.00,100.00,0x9e6c100794c080ab65b541b4fef5741e13d2e3b6,../../../../Git/cpg-contract-checker/data-collection/source-code/smart-contract-sanctuary-ethereum/contracts/mainnet/9e/9e6c100794c080ab65b541b4fef5741e13d2e3b6_THWO.sol
100.00,100.00,0xaec9da7fbb6ad9cd39f0f91e03b05074ad4e0622,../../../../Git/cpg-contract-checker/data-collection/source-code/smart-contract-sanctuary-ethereum/contracts/mainnet/ae/aec9da7fbb6ad9cd39f0f91e03b05074ad4e0622_NIGHT.sol
100.00,100.00,0x9e9f28335be49e669b4abe2a171ca9f4a6eccb2a,../../../../Git/cpg-contract-checker/data-collection/source-code/smart-contract-sanctuary-ethereum/contracts/mainnet/9e/9e9f28335be49e669b4abe2a171ca9f4a6eccb2a_vividcat.sol
100.00,100.00,0xaee151820c8fe71c61b0bcedcf90c65525562ac6,../../../../Git/cpg-contract-checker/data-collection/source-code/smart-contract-sanctuary-ethereum/contracts/mainnet/ae/aee151820c8fe71c61b0bcedcf90c65525562ac6_NDSing.sol
100.00,100.00,0x9e0f16df5f00c39d6217f19140e277cfddcb3ad1,../../../../Git/cpg-contract-checker/data-collection/source-code/smart-contract-sanctuary-ethereum/contracts/mainnet/9e/9e0f16df5f00c39d6217f19140e277cfddcb3ad1_ZGe.sol
100.00,100.00,0x688319f9c6562ec779d5f81bdfa2a28c9b2bf619,../../../../Git/cpg-contract-checker/data-collection/source-code/smart-contract-sanctuary-ethereum/contracts/mainnet/68/688319f9c6562ec779d5f81bdfa2a28c9b2bf619_WILL.sol
100.00,100.00,0x9ea00f4b14508d96ae0993dc07290d6c8fb0f664,../../../../Git/cpg-contract-checker/data-collection/source-code/smart-contract-sanctuary-ethereum/contracts/mainnet/9e/9ea00f4b14508d96ae0993dc07290d6c8fb0f664_GIFTSAU.sol
100.00,100.00,0xa3cb6b250e554958c5ca1ae7e64fb746da3ea0f5,../../../../Git/cpg-contract-checker/data-collection/source-code/smart-contract-sanctuary-ethereum/contracts/mainnet/a3/a3cb6b250e554958c5ca1ae7e64fb746da3ea0f5_MIP.sol
100.00,100.00,0xb5db7fb9852156ca663bd34a80b30c11375b0cb3,../../../../Git/cpg-contract-checker/data-collection/source-code/smart-contract-sanctuary-ethereum/contracts/mainnet/b5/b5db7fb9852156ca663bd34a80b30c11375b0cb3_FATC.sol
100.00,100.00,0xb4b93c6be5a7a53de84318b79755e8836f54aa85,../../../../Git/cpg-contract-checker/data-collection/source-code/smart-contract-sanctuary-ethereum/contracts/mainnet/b4/b4b93c6be5a7a53de84318b79755e8836f54aa85_INPUT.sol
100.00,100.00,0xae930d24d4cc20efc60beb8b3f83c4f48ded7266,../../../../Git/cpg-contract-checker/data-collection/source-code/smart-contract-sanctuary-ethereum/contracts/mainnet/ae/ae930d24d4cc20efc60beb8b3f83c4f48ded7266_TSTT.sol
100.00,100.00,0xb54cc239db1c09e722361a43a39e32bd90b1784a,../../../../Git/cpg-contract-checker/data-collection/source-code/smart-contract-sanctuary-ethereum/contracts/mainnet/b5/b54cc239db1c09e722361a43a39e32bd90b1784a_AR1.sol
100.00,100.00,0x9440f031473a76496f4639fd8a500018dab91124,../../../../Git/cpg-contract-checker/data-collection/source-code/smart-contract-sanctuary-ethereum/contracts/mainnet/94/9440f031473a76496f4639fd8a500018dab91124_PPPP.sol
100.00,100.00,0xd790a44cd64d334375866d2ff32ed7c42fde052e,../../../../Git/cpg-contract-checker/data-collection/source-code/smart-contract-sanctuary-ethereum/contracts/mainnet/d7/d790a44cd64d334375866d2ff32ed7c42fde052e_S1.sol
100.00,100.00,0x68bcf6fdbee4c75f871458faa745b4666a0ec565,../../../../Git/cpg-contract-checker/data-collection/source-code/smart-contract-sanctuary-ethereum/contracts/mainnet/68/68bcf6fdbee4c75f871458faa745b4666a0ec565_BAG.sol
100.00,100.00,0x9ef7004cb5a19387a4e56a3e278bbdbbbae56d97,../../../../Git/cpg-contract-checker/data-collection/source-code/smart-contract-sanctuary-ethereum/contracts/mainnet/9e/9ef7004cb5a19387a4e56a3e278bbdbbbae56d97_GNSI.sol
100.00,100.00,0xa3e3639dba0a18dd12baf0aaa8ee2466378b7f72,../../../../Git/cpg-contract-checker/data-collection/source-code/smart-contract-sanctuary-ethereum/contracts/mainnet/a3/a3e3639dba0a18dd12baf0aaa8ee2466378b7f72_OG20.sol
100.00,100.00,0xb44279daf3632fdafd6019369933cdb920087130,../../../../Git/cpg-contract-checker/data-collection/source-code/smart-contract-sanctuary-ethereum/contracts/mainnet/b4/b44279daf3632fdafd6019369933cdb920087130_SDCC.sol
100.00,100.00,0x3302eadad9c6e344cad116a536e32232be06a97e,../../../../Git/cpg-contract-checker/data-collection/source-code/smart-contract-sanctuary-ethereum/contracts/mainnet/33/3302eadad9c6e344cad116a536e32232be06a97e_DOXLAB.sol
100.00,100.00,0x93e3ffcf0476d10609dda6b11305ac38f66c2366,../../../../Git/cpg-contract-checker/data-collection/source-code/smart-contract-sanctuary-ethereum/contracts/mainnet/93/93e3ffcf0476d10609dda6b11305ac38f66c2366_AttaElahian.sol
100.00,100.00,0xae0274dcea950b301b952032a90a5d70d1ba22a5,../../../../Git/cpg-contract-checker/data-collection/source-code/smart-contract-sanctuary-ethereum/contracts/mainnet/ae/ae0274dcea950b301b952032a90a5d70d1ba22a5_c0llab.sol
100.00,100.00,0xae53d6e28e541163cbb1e6b649ac519759688762,../../../../Git/cpg-contract-checker/data-collection/source-code/smart-contract-sanctuary-ethereum/contracts/mainnet/ae/ae53d6e28e541163cbb1e6b649ac519759688762_JOAT.sol
100.00,100.00,0x9e7cd07f800f0ba007cbed553d310d5b4180baf2,../../../../Git/cpg-contract-checker/data-collection/source-code/smart-contract-sanctuary-ethereum/contracts/mainnet/9e/9e7cd07f800f0ba007cbed553d310d5b4180baf2_SKH.sol
100.00,100.00,0x59982921fccce9d701869f9f980c9d71a92ded0e,../../../../Git/cpg-contract-checker/data-collection/source-code/smart-contract-sanctuary-ethereum/contracts/mainnet/59/59982921fccce9d701869f9f980c9d71a92ded0e_CC521.sol
100.00,100.00,0xae6a29b1087bebe3cae3e5404eb1e2cb8635a470,../../../../Git/cpg-contract-checker/data-collection/source-code/smart-contract-sanctuary-ethereum/contracts/mainnet/ae/ae6a29b1087bebe3cae3e5404eb1e2cb8635a470_NEF.sol
100.00,100.00,0xae5236c8f9d0b3c12e01adfd2549c4be1499cc95,../../../../Git/cpg-contract-checker/data-collection/source-code/smart-contract-sanctuary-ethereum/contracts/mainnet/ae/ae5236c8f9d0b3c12e01adfd2549c4be1499cc95_TRPH2.sol
100.00,100.00,0x56964dbb1a7943093b64252e4095bebe0c28bccd,../../../../Git/cpg-contract-checker/data-collection/source-code/smart-contract-sanctuary-ethereum/contracts/mainnet/56/56964dbb1a7943093b64252e4095bebe0c28bccd_STEAK.sol
100.00,100.00,0xd7e7a35240fe63b38221a2ab6957a4e0609904eb,../../../../Git/cpg-contract-checker/data-collection/source-code/smart-contract-sanctuary-ethereum/contracts/mainnet/d7/d7e7a35240fe63b38221a2ab6957a4e0609904eb_MTLXMIA.sol
100.00,100.00,0x68a13cf0025e0810cf1e3b541d74a09dc8ee6d5b,../../../../Git/cpg-contract-checker/data-collection/source-code/smart-contract-sanctuary-ethereum/contracts/mainnet/68/68a13cf0025e0810cf1e3b541d74a09dc8ee6d5b_BST1.sol
100.00,100.00,0xd73a923d895084febb7b0afdf76b15c903d04090,../../../../Git/cpg-contract-checker/data-collection/source-code/smart-contract-sanctuary-ethereum/contracts/mainnet/d7/d73a923d895084febb7b0afdf76b15c903d04090_BSurpr.sol
100.00,100.00,0x937b830574ae49c2babd5e97d91d576a9fc94afb,../../../../Git/cpg-contract-checker/data-collection/source-code/smart-contract-sanctuary-ethereum/contracts/mainnet/93/937b830574ae49c2babd5e97d91d576a9fc94afb_SRSJNS.sol
100.00,100.00,0xd720c9ce4a97e5cb5b00c5901d149a8c988794ef,../../../../Git/cpg-contract-checker/data-collection/source-code/smart-contract-sanctuary-ethereum/contracts/mainnet/d7/d720c9ce4a97e5cb5b00c5901d149a8c988794ef_SHDW.sol
100.00,100.00,0xa3b01c062c32a54ac1b8fad3764d21a010535a0a,../../../../Git/cpg-contract-checker/data-collection/source-code/smart-contract-sanctuary-ethereum/contracts/mainnet/a3/a3b01c062c32a54ac1b8fad3764d21a010535a0a_NAT.sol
100.00,100.00,0x5624f712abdd2e1343e1e978c2163f8c6bb63a41,../../../../Git/cpg-contract-checker/data-collection/source-code/smart-contract-sanctuary-ethereum/contracts/mainnet/56/5624f712abdd2e1343e1e978c2163f8c6bb63a41_Flowe.sol
100.00,100.00,0x68081b11c940dcb562212b3e3fa4c8be902e0692,../../../../Git/cpg-contract-checker/data-collection/source-code/smart-contract-sanctuary-ethereum/contracts/mainnet/68/68081b11c940dcb562212b3e3fa4c8be902e0692_JMC.sol
100.00,100.00,0x59ed0f5bfa6165c7fe8e015af6d71b6ca8955e81,../../../../Git/cpg-contract-checker/data-collection/source-code/smart-contract-sanctuary-ethereum/contracts/mainnet/59/59ed0f5bfa6165c7fe8e015af6d71b6ca8955e81_NEUMA.sol
100.00,100.00,0x56c733709e780e566aa8b994d736e1d6000dc06a,../../../../Git/cpg-contract-checker/data-collection/source-code/smart-contract-sanctuary-ethereum/contracts/mainnet/56/56c733709e780e566aa8b994d736e1d6000dc06a_MR.sol
100.00,100.00,0xae8e793336c5aa7a0fbf7f662e62999c0e2b266b,../../../../Git/cpg-contract-checker/data-collection/source-code/smart-contract-sanctuary-ethereum/contracts/mainnet/ae/ae8e793336c5aa7a0fbf7f662e62999c0e2b266b_TUCT.sol
100.00,100.00,0xae96aeb61459bd061b6b35f55135d20d68f5fee3,../../../../Git/cpg-contract-checker/data-collection/source-code/smart-contract-sanctuary-ethereum/contracts/mainnet/ae/ae96aeb61459bd061b6b35f55135d20d68f5fee3_AGNG.sol
100.00,100.00,0xb401ae9bb4c0f6ee82507aed99a918bf7b552ca6,../../../../Git/cpg-contract-checker/data-collection/source-code/smart-contract-sanctuary-ethereum/contracts/mainnet/b4/b401ae9bb4c0f6ee82507aed99a918bf7b552ca6_THE44.sol
100.00,100.00,0xae06249bce07cf94360ff9531f0ca84955b004c3,../../../../Git/cpg-contract-checker/data-collection/source-code/smart-contract-sanctuary-ethereum/contracts/mainnet/ae/ae06249bce07cf94360ff9531f0ca84955b004c3_WYN2.sol
100.00,100.00,0xd7603b84acf4d9cdedddb033618568f5c9ad5d71,../../../../Git/cpg-contract-checker/data-collection/source-code/smart-contract-sanctuary-ethereum/contracts/mainnet/d7/d7603b84acf4d9cdedddb033618568f5c9ad5d71_loki.sol
100.00,100.00,0xa3457e9cf873a33ae34d960f76813b417c4c500b,../../../../Git/cpg-contract-checker/data-collection/source-code/smart-contract-sanctuary-ethereum/contracts/mainnet/a3/a3457e9cf873a33ae34d960f76813b417c4c500b_Aijoe.sol
100.00,100.00,0x9e97749f3559472751fa7f794e39e561b4d9b811,../../../../Git/cpg-contract-checker/data-collection/source-code/smart-contract-sanctuary-ethereum/contracts/mainnet/9e/9e97749f3559472751fa7f794e39e561b4d9b811_SQHB.sol
100.00,100.00,0xb4a74d6e4dcb1514ccba881731b2ff7df52c8ce3,../../../../Git/cpg-contract-checker/data-collection/source-code/smart-contract-sanctuary-ethereum/contracts/mainnet/b4/b4a74d6e4dcb1514ccba881731b2ff7df52c8ce3_WHOOP.sol
100.00,100.00,0xb5e36d2d6fa5136bfa1e46aba890fbf4b6324da8,../../../../Git/cpg-contract-checker/data-collection/source-code/smart-contract-sanctuary-ethereum/contracts/mainnet/b5/b5e36d2d6fa5136bfa1e46aba890fbf4b6324da8_POPPUNKART.sol
100.00,100.00,0x944f901a1d971e34ef0b2a8ce251070378b5e83c,../../../../Git/cpg-contract-checker/data-collection/source-code/smart-contract-sanctuary-ethereum/contracts/mainnet/94/944f901a1d971e34ef0b2a8ce251070378b5e83c_PPTVL.sol
100.00,100.00,0xb5c913934cb4445e7e89d879ba0cab53f73e288a,../../../../Git/cpg-contract-checker/data-collection/source-code/smart-contract-sanctuary-ethereum/contracts/mainnet/b5/b5c913934cb4445e7e89d879ba0cab53f73e288a_CACI.sol
100.00,100.00,0x944f2b9acd4f90b8cf8ea8814441e3710d3dd110,../../../../Git/cpg-contract-checker/data-collection/source-code/smart-contract-sanctuary-ethereum/contracts/mainnet/94/944f2b9acd4f90b8cf8ea8814441e3710d3dd110_ELShapes.sol
100.00,100.00,0x9E506D17Ab36bB6648d7bC540857ffABe16bDE93,../../../../Git/cpg-contract-checker/data-collection/source-code/smart-contract-sanctuary-ethereum/contracts/mainnet/9e/9E506D17Ab36bB6648d7bC540857ffABe16bDE93_CBTAT.sol
100.00,100.00,0x333cb514198118f8cd1607ad62369685f3c7e192,../../../../Git/cpg-contract-checker/data-collection/source-code/smart-contract-sanctuary-ethereum/contracts/mainnet/33/333cb514198118f8cd1607ad62369685f3c7e192_STI.sol
100.00,100.00,0x94f45c4c1309b4535747a78efa9a3d093f51e52f,../../../../Git/cpg-contract-checker/data-collection/source-code/smart-contract-sanctuary-ethereum/contracts/mainnet/94/94f45c4c1309b4535747a78efa9a3d093f51e52f_LD.sol
100.00,100.00,0x335a05656d05552c42b0513bed56ef3c2812429b,../../../../Git/cpg-contract-checker/data-collection/source-code/smart-contract-sanctuary-ethereum/contracts/mainnet/33/335a05656d05552c42b0513bed56ef3c2812429b_TENQ.sol
100.00,100.00,0x33e6bee08ef5382647edd72535ac27d2bd70f73f,../../../../Git/cpg-contract-checker/data-collection/source-code/smart-contract-sanctuary-ethereum/contracts/mainnet/33/33e6bee08ef5382647edd72535ac27d2bd70f73f_KING.sol
100.00,100.00,0x68ac2a3d6d97d330f4b3433c4462513f57f6674e,../../../../Git/cpg-contract-checker/data-collection/source-code/smart-contract-sanctuary-ethereum/contracts/mainnet/68/68ac2a3d6d97d330f4b3433c4462513f57f6674e_JDS.sol
100.00,100.00,0xae7cecdaaaeffd836052e1fcd09e9dd6036c0124,../../../../Git/cpg-contract-checker/data-collection/source-code/smart-contract-sanctuary-ethereum/contracts/mainnet/ae/ae7cecdaaaeffd836052e1fcd09e9dd6036c0124_MW.sol
100.00,100.00,0x9e2458bab0edc570274de03b865f193f07f4b928,../../../../Git/cpg-contract-checker/data-collection/source-code/smart-contract-sanctuary-ethereum/contracts/mainnet/9e/9e2458bab0edc570274de03b865f193f07f4b928_CPRS.sol
100.00,100.00,0x59e3f8d54d58c90cabede76a703b30b5aee57a49,../../../../Git/cpg-contract-checker/data-collection/source-code/smart-contract-sanctuary-ethereum/contracts/mainnet/59/59e3f8d54d58c90cabede76a703b30b5aee57a49_Skapa.sol
100.00,100.00,0x6817627b8b7ba067c6683f7ff9672c2eb1e491ee,../../../../Git/cpg-contract-checker/data-collection/source-code/smart-contract-sanctuary-ethereum/contracts/mainnet/68/6817627b8b7ba067c6683f7ff9672c2eb1e491ee_CELT.sol
100.00,100.00,0x9ef5590a2e4be666a4f15f20b8dd97cc771ae8fd,../../../../Git/cpg-contract-checker/data-collection/source-code/smart-contract-sanctuary-ethereum/contracts/mainnet/9e/9ef5590a2e4be666a4f15f20b8dd97cc771ae8fd_AER.sol
100.00,100.00,0x59752b42d3d8f9e8fe720e5f10c71db893516cec,../../../../Git/cpg-contract-checker/data-collection/source-code/smart-contract-sanctuary-ethereum/contracts/mainnet/59/59752b42d3d8f9e8fe720e5f10c71db893516cec_FARC.sol
100.00,100.00,0x6843827c547ce7ecccf9bfde125991aca7adc84a,../../../../Git/cpg-contract-checker/data-collection/source-code/smart-contract-sanctuary-ethereum/contracts/mainnet/68/6843827c547ce7ecccf9bfde125991aca7adc84a_SAULT.sol
100.00,100.00,0x33487f5d893d7c3439ae899363c0ca034ad57bed,../../../../Git/cpg-contract-checker/data-collection/source-code/smart-contract-sanctuary-ethereum/contracts/mainnet/33/33487f5d893d7c3439ae899363c0ca034ad57bed_OPTT.sol
100.00,100.00,0xaeddea7987c1808935e22e43c7976a77abdadb69,../../../../Git/cpg-contract-checker/data-collection/source-code/smart-contract-sanctuary-ethereum/contracts/mainnet/ae/aeddea7987c1808935e22e43c7976a77abdadb69_BT.sol
100.00,100.00,0x33c1ad56a5a7cd0d5b99803831f20a68baaffb08,../../../../Git/cpg-contract-checker/data-collection/source-code/smart-contract-sanctuary-ethereum/contracts/mainnet/33/33c1ad56a5a7cd0d5b99803831f20a68baaffb08_BABYFRANK.sol
100.00,100.00,0x949a07508bda774a26237e8a2a870ffe8612c9bd,../../../../Git/cpg-contract-checker/data-collection/source-code/smart-contract-sanctuary-ethereum/contracts/mainnet/94/949a07508bda774a26237e8a2a870ffe8612c9bd_ARTNOT.sol
100.00,100.00,0xae267b27051d4f568e554e40c30db7282f9e243c,../../../../Git/cpg-contract-checker/data-collection/source-code/smart-contract-sanctuary-ethereum/contracts/mainnet/ae/ae267b27051d4f568e554e40c30db7282f9e243c_CH1.sol
100.00,100.00,0xae1c4a2802d04cb3553f6d4f7ce02c8a88cc1c3f,../../../../Git/cpg-contract-checker/data-collection/source-code/smart-contract-sanctuary-ethereum/contracts/mainnet/ae/ae1c4a2802d04cb3553f6d4f7ce02c8a88cc1c3f_DW.sol
100.00,100.00,0x59296bcf162d0a4d32bfe01d27a05017d68c2635,../../../../Git/cpg-contract-checker/data-collection/source-code/smart-contract-sanctuary-ethereum/contracts/mainnet/59/59296bcf162d0a4d32bfe01d27a05017d68c2635_FIN.sol
100.00,100.00,0x590aa7173a6e62eb4625d9d652484ceb84fd51df,../../../../Git/cpg-contract-checker/data-collection/source-code/smart-contract-sanctuary-ethereum/contracts/mainnet/59/590aa7173a6e62eb4625d9d652484ceb84fd51df_BLOOM.sol
100.00,100.00,0x59e4244d33199688876866d8a993a1f73bb7b03d,../../../../Git/cpg-contract-checker/data-collection/source-code/smart-contract-sanctuary-ethereum/contracts/mainnet/59/59e4244d33199688876866d8a993a1f73bb7b03d_RUNR.sol
100.00,100.00,0xb5ebe7adbf5d16dd0b8947c6bcdac5bbcec8881e,../../../../Git/cpg-contract-checker/data-collection/source-code/smart-contract-sanctuary-ethereum/contracts/mainnet/b5/b5ebe7adbf5d16dd0b8947c6bcdac5bbcec8881e_LEGACY.sol
100.00,100.00,0x331806ee9a4adbe526eaf24a0649399700b4c52d,../../../../Git/cpg-contract-checker/data-collection/source-code/smart-contract-sanctuary-ethereum/contracts/mainnet/33/331806ee9a4adbe526eaf24a0649399700b4c52d_zey.sol
100.00,100.00,0x336a77bf78c53555b14576f2d18405c5de9cadc7,../../../../Git/cpg-contract-checker/data-collection/source-code/smart-contract-sanctuary-ethereum/contracts/mainnet/33/336a77bf78c53555b14576f2d18405c5de9cadc7_kerb.sol
100.00,100.00,0xd7020a22f0b1e875f323b78e761f7bba36d7b3b9,../../../../Git/cpg-contract-checker/data-collection/source-code/smart-contract-sanctuary-ethereum/contracts/mainnet/d7/d7020a22f0b1e875f323b78e761f7bba36d7b3b9_ABIRATH.sol
100.00,100.00,0x567a7b14f8280d4a7089096854d3328a69b42306,../../../../Git/cpg-contract-checker/data-collection/source-code/smart-contract-sanctuary-ethereum/contracts/mainnet/56/567a7b14f8280d4a7089096854d3328a69b42306_INCANTO.sol
100.00,100.00,0x5903908fed6a134da7d29fc333bee4d28ac0d550,../../../../Git/cpg-contract-checker/data-collection/source-code/smart-contract-sanctuary-ethereum/contracts/mainnet/59/5903908fed6a134da7d29fc333bee4d28ac0d550_PIP.sol
100.00,100.00,0x5698511ccf59f519dc31b498517b02cac00d46c0,../../../../Git/cpg-contract-checker/data-collection/source-code/smart-contract-sanctuary-ethereum/contracts/mainnet/56/5698511ccf59f519dc31b498517b02cac00d46c0_KIKI.sol
100.00,100.00,0xaee81cc4a855b4cd80ef126a1535d8d1e1b682ec,../../../../Git/cpg-contract-checker/data-collection/source-code/smart-contract-sanctuary-ethereum/contracts/mainnet/ae/aee81cc4a855b4cd80ef126a1535d8d1e1b682ec_Rokk.sol
100.00,100.00,0x681352f95be375cc1a33e45f3bd9efaf9f8e7786,../../../../Git/cpg-contract-checker/data-collection/source-code/smart-contract-sanctuary-ethereum/contracts/mainnet/68/681352f95be375cc1a33e45f3bd9efaf9f8e7786_HCTBH.sol
100.00,100.00,0x688db473981d65daeb62ffc5a1c9aed405eda63d,../../../../Git/cpg-contract-checker/data-collection/source-code/smart-contract-sanctuary-ethereum/contracts/mainnet/68/688db473981d65daeb62ffc5a1c9aed405eda63d_JCN.sol
100.00,100.00,0x59f0216b47b24ea5950e0c590cf674206d3e849b,../../../../Git/cpg-contract-checker/data-collection/source-code/smart-contract-sanctuary-ethereum/contracts/mainnet/59/59f0216b47b24ea5950e0c590cf674206d3e849b_BBCREW.sol
100.00,100.00,0xb5a588032eab090486758ed19c1a1923ea155b08,../../../../Git/cpg-contract-checker/data-collection/source-code/smart-contract-sanctuary-ethereum/contracts/mainnet/b5/b5a588032eab090486758ed19c1a1923ea155b08_SDESI.sol
100.00,100.00,0xaea658f04ff21c2acc9b63f306c63998bc473740,../../../../Git/cpg-contract-checker/data-collection/source-code/smart-contract-sanctuary-ethereum/contracts/mainnet/ae/aea658f04ff21c2acc9b63f306c63998bc473740_DJJ.sol
100.00,100.00,0x04f8c6e4c17bdd99e7b1e9cc40a6ef97b9559d4a,../../../../Git/cpg-contract-checker/data-collection/source-code/smart-contract-sanctuary-ethereum/contracts/mainnet/04/04f8c6e4c17bdd99e7b1e9cc40a6ef97b9559d4a_TNICO.sol
100.00,100.00,0xae18793092326cd83cc821fc630aeee0315b4a8b,../../../../Git/cpg-contract-checker/data-collection/source-code/smart-contract-sanctuary-ethereum/contracts/mainnet/ae/ae18793092326cd83cc821fc630aeee0315b4a8b_EWP.sol
100.00,100.00,0x59a95eaec0d11b80b593af55c3d42e68e4c1af37,../../../../Git/cpg-contract-checker/data-collection/source-code/smart-contract-sanctuary-ethereum/contracts/mainnet/59/59a95eaec0d11b80b593af55c3d42e68e4c1af37_DYB.sol
100.00,100.00,0x0449f1eff9eae5c5ead9c54d41a6d7189ec0485f,../../../../Git/cpg-contract-checker/data-collection/source-code/smart-contract-sanctuary-ethereum/contracts/mainnet/04/0449f1eff9eae5c5ead9c54d41a6d7189ec0485f_REO.sol
100.00,100.00,0x591af7387e6cf08b1814a515bac3a4d1dc5567bb,../../../../Git/cpg-contract-checker/data-collection/source-code/smart-contract-sanctuary-ethereum/contracts/mainnet/59/591af7387e6cf08b1814a515bac3a4d1dc5567bb_tstbx.sol
100.00,100.00,0xd791d306525a9160c259069f5983a2e2a71e2183,../../../../Git/cpg-contract-checker/data-collection/source-code/smart-contract-sanctuary-ethereum/contracts/mainnet/d7/d791d306525a9160c259069f5983a2e2a71e2183_MVGPT.sol
100.00,100.00,0x33bb8784253c71b995f488b8886863a140b8e04e,../../../../Git/cpg-contract-checker/data-collection/source-code/smart-contract-sanctuary-ethereum/contracts/mainnet/33/33bb8784253c71b995f488b8886863a140b8e04e_UNKWN.sol
100.00,100.00,0xd7a9e3dd463ccb4f81cecbed8eb6dd47179bb3e6,../../../../Git/cpg-contract-checker/data-collection/source-code/smart-contract-sanctuary-ethereum/contracts/mainnet/d7/d7a9e3dd463ccb4f81cecbed8eb6dd47179bb3e6_JPAV.sol
100.00,100.00,0x33ade3bb2d650c673d60bf996365213769490545,../../../../Git/cpg-contract-checker/data-collection/source-code/smart-contract-sanctuary-ethereum/contracts/mainnet/33/33ade3bb2d650c673d60bf996365213769490545_VD96.sol
100.00,100.00,0xa2124d130d9dab9d5f90472f00768826cede2003,../../../../Git/cpg-contract-checker/data-collection/source-code/smart-contract-sanctuary-ethereum/contracts/mainnet/a2/a2124d130d9dab9d5f90472f00768826cede2003_TFT.sol
100.00,100.00,0xa23fa01301bb8026fd2c883768e5ae3c0850c9ed,../../../../Git/cpg-contract-checker/data-collection/source-code/smart-contract-sanctuary-ethereum/contracts/mainnet/a2/a23fa01301bb8026fd2c883768e5ae3c0850c9ed_NJH01.sol
100.00,100.00,0xb5d7a601240e9e044cdbfecadcf3d9020685dde7,../../../../Git/cpg-contract-checker/data-collection/source-code/smart-contract-sanctuary-ethereum/contracts/mainnet/b5/b5d7a601240e9e044cdbfecadcf3d9020685dde7_OT.sol
100.00,100.00,0x59f9d736898ed8181ee938ba8b8af67f56f8c780,../../../../Git/cpg-contract-checker/data-collection/source-code/smart-contract-sanctuary-ethereum/contracts/mainnet/59/59f9d736898ed8181ee938ba8b8af67f56f8c780_fran6.sol
100.00,100.00,0xb51dc895fdf37bb93259e2226ba7a0ff2e7fbedd,../../../../Git/cpg-contract-checker/data-collection/source-code/smart-contract-sanctuary-ethereum/contracts/mainnet/b5/b51dc895fdf37bb93259e2226ba7a0ff2e7fbedd_BPFBP.sol
100.00,100.00,0x0407e2e74ab635d6b1c0714251f9fc5ca4a4d717,../../../../Git/cpg-contract-checker/data-collection/source-code/smart-contract-sanctuary-ethereum/contracts/mainnet/04/0407e2e74ab635d6b1c0714251f9fc5ca4a4d717_CI35MM.sol
100.00,100.00,0x59d8008e796ab40162bb7a319eba7a8a163fb424,../../../../Git/cpg-contract-checker/data-collection/source-code/smart-contract-sanctuary-ethereum/contracts/mainnet/59/59d8008e796ab40162bb7a319eba7a8a163fb424_Balance.sol
100.00,100.00,0x04398e559fcb9fd9d9961fa282d9619a244f4c4b,../../../../Git/cpg-contract-checker/data-collection/source-code/smart-contract-sanctuary-ethereum/contracts/mainnet/04/04398e559fcb9fd9d9961fa282d9619a244f4c4b_PVP.sol
100.00,100.00,0x6883e97e9b8cb8d7b9df1a1ff0c271a212377f21,../../../../Git/cpg-contract-checker/data-collection/source-code/smart-contract-sanctuary-ethereum/contracts/mainnet/68/6883e97e9b8cb8d7b9df1a1ff0c271a212377f21_ACMA.sol
100.00,100.00,0x0426a2a3a095cec0a01d7bf8ceeeb7c17b2ff87b,../../../../Git/cpg-contract-checker/data-collection/source-code/smart-contract-sanctuary-ethereum/contracts/mainnet/04/0426a2a3a095cec0a01d7bf8ceeeb7c17b2ff87b_MORNED.sol
100.00,100.00,0x04b4e87013a3abbd7abb3cfd6b1e72fe022a2c48,../../../../Git/cpg-contract-checker/data-collection/source-code/smart-contract-sanctuary-ethereum/contracts/mainnet/04/04b4e87013a3abbd7abb3cfd6b1e72fe022a2c48_LEA.sol
100.00,100.00,0x94c52b413c7b409d17b3619523003a11ab376d78,../../../../Git/cpg-contract-checker/data-collection/source-code/smart-contract-sanctuary-ethereum/contracts/mainnet/94/94c52b413c7b409d17b3619523003a11ab376d78_SOL.sol
100.00,100.00,0xa2bcea8387e63a0572cc9df5edc8565731bb1be6,../../../../Git/cpg-contract-checker/data-collection/source-code/smart-contract-sanctuary-ethereum/contracts/mainnet/a2/a2bcea8387e63a0572cc9df5edc8565731bb1be6_SAFxAIRDROPS.sol
100.00,100.00,0xae3796772cc81de17a572c2c41c4152fe12f4607,../../../../Git/cpg-contract-checker/data-collection/source-code/smart-contract-sanctuary-ethereum/contracts/mainnet/ae/ae3796772cc81de17a572c2c41c4152fe12f4607_MAYAS.sol
100.00,100.00,0xb504bf003e6a50df7da7bd7b3211201f0eb5ac42,../../../../Git/cpg-contract-checker/data-collection/source-code/smart-contract-sanctuary-ethereum/contracts/mainnet/b5/b504bf003e6a50df7da7bd7b3211201f0eb5ac42_DRII.sol
100.00,100.00,0x59faf6dd4a0f03df80965df8af6777fe1d3ecc13,../../../../Git/cpg-contract-checker/data-collection/source-code/smart-contract-sanctuary-ethereum/contracts/mainnet/59/59faf6dd4a0f03df80965df8af6777fe1d3ecc13_POYU.sol
100.00,100.00,0x944494f04c75c991dc823e4d154d355342961782,../../../../Git/cpg-contract-checker/data-collection/source-code/smart-contract-sanctuary-ethereum/contracts/mainnet/94/944494f04c75c991dc823e4d154d355342961782_DRAW.sol
100.00,100.00,0xae2cabfd12a5c4d8a304232dad256d770fe723b6,../../../../Git/cpg-contract-checker/data-collection/source-code/smart-contract-sanctuary-ethereum/contracts/mainnet/ae/ae2cabfd12a5c4d8a304232dad256d770fe723b6_DECLAN.sol
100.00,100.00,0xb5f2a30cc1254d939be62a7e9202f2bb91fd6cde,../../../../Git/cpg-contract-checker/data-collection/source-code/smart-contract-sanctuary-ethereum/contracts/mainnet/b5/b5f2a30cc1254d939be62a7e9202f2bb91fd6cde_ROTB.sol
100.00,100.00,0x598f6adacac9e79595797b875bc8929923c65d7b,../../../../Git/cpg-contract-checker/data-collection/source-code/smart-contract-sanctuary-ethereum/contracts/mainnet/59/598f6adacac9e79595797b875bc8929923c65d7b_SISU.sol
100.00,100.00,0xd71d6c47eb6ef1d6f31e26685f152ba533311b61,../../../../Git/cpg-contract-checker/data-collection/source-code/smart-contract-sanctuary-ethereum/contracts/mainnet/d7/d71d6c47eb6ef1d6f31e26685f152ba533311b61_PHOTO.sol
100.00,100.00,0x59ddec43184606a697ff66c30bb77c03b33f7d10,../../../../Git/cpg-contract-checker/data-collection/source-code/smart-contract-sanctuary-ethereum/contracts/mainnet/59/59ddec43184606a697ff66c30bb77c03b33f7d10_BELLE.sol
100.00,100.00,0x9493726c39b0e0b424a187188bfb3b464b335dd3,../../../../Git/cpg-contract-checker/data-collection/source-code/smart-contract-sanctuary-ethereum/contracts/mainnet/94/9493726c39b0e0b424a187188bfb3b464b335dd3_FORSAU.sol
100.00,100.00,0x59d8faa79d52c7ef508dda78cf534848cc17b3fd,../../../../Git/cpg-contract-checker/data-collection/source-code/smart-contract-sanctuary-ethereum/contracts/mainnet/59/59d8faa79d52c7ef508dda78cf534848cc17b3fd_WI.sol
100.00,100.00,0x68cdf1fb76b412791e14b8db2cc3ece99b354d13,../../../../Git/cpg-contract-checker/data-collection/source-code/smart-contract-sanctuary-ethereum/contracts/mainnet/68/68cdf1fb76b412791e14b8db2cc3ece99b354d13_EICA.sol
100.00,100.00,0x942c878dceb25fa69dcd9e388394f8d5a0234ccd,../../../../Git/cpg-contract-checker/data-collection/source-code/smart-contract-sanctuary-ethereum/contracts/mainnet/94/942c878dceb25fa69dcd9e388394f8d5a0234ccd_M1.sol
100.00,100.00,0xa2450f6efe0ab83082b821806be515872552d308,../../../../Git/cpg-contract-checker/data-collection/source-code/smart-contract-sanctuary-ethereum/contracts/mainnet/a2/a2450f6efe0ab83082b821806be515872552d308_LUMPEMP.sol
100.00,100.00,0x336aeb5b2bc85b48187ba9a0bfcefea4519ef9e1,../../../../Git/cpg-contract-checker/data-collection/source-code/smart-contract-sanctuary-ethereum/contracts/mainnet/33/336aeb5b2bc85b48187ba9a0bfcefea4519ef9e1_SMIM.sol
100.00,100.00,0x5994198cacd2c6e582c974fc9f564ade51a3db27,../../../../Git/cpg-contract-checker/data-collection/source-code/smart-contract-sanctuary-ethereum/contracts/mainnet/59/5994198cacd2c6e582c974fc9f564ade51a3db27_MTT.sol
100.00,100.00,0x680b737dcd7176432e6500dd67dc53bb1cc8b86a,../../../../Git/cpg-contract-checker/data-collection/source-code/smart-contract-sanctuary-ethereum/contracts/mainnet/68/680b737dcd7176432e6500dd67dc53bb1cc8b86a_TTFTB.sol
100.00,100.00,0x94841207c6752d702556cca4027443bcc35390b5,../../../../Git/cpg-contract-checker/data-collection/source-code/smart-contract-sanctuary-ethereum/contracts/mainnet/94/94841207c6752d702556cca4027443bcc35390b5_DYSX.sol
100.00,100.00,0xa2bdf9e4d6f01ccdfdd1833cb99b18a2935c8eb1,../../../../Git/cpg-contract-checker/data-collection/source-code/smart-contract-sanctuary-ethereum/contracts/mainnet/a2/a2bdf9e4d6f01ccdfdd1833cb99b18a2935c8eb1_INTANGIBLE.sol
100.00,100.00,0xd7ba72c0b2678e1f7c4fa5f1576219cdac6f3a60,../../../../Git/cpg-contract-checker/data-collection/source-code/smart-contract-sanctuary-ethereum/contracts/mainnet/d7/d7ba72c0b2678e1f7c4fa5f1576219cdac6f3a60_POAS.sol
100.00,100.00,0x94b07c16788537870394896512998dd085615f17,../../../../Git/cpg-contract-checker/data-collection/source-code/smart-contract-sanctuary-ethereum/contracts/mainnet/94/94b07c16788537870394896512998dd085615f17_BWNY.sol
100.00,100.00,0x0438e7539b723f985238263e83fe7d8a1e770828,../../../../Git/cpg-contract-checker/data-collection/source-code/smart-contract-sanctuary-ethereum/contracts/mainnet/04/0438e7539b723f985238263e83fe7d8a1e770828_NC0.sol
100.00,100.00,0xb55f9300b3a5037c4cb817196e06873f41224569,../../../../Git/cpg-contract-checker/data-collection/source-code/smart-contract-sanctuary-ethereum/contracts/mainnet/b5/b55f9300b3a5037c4cb817196e06873f41224569_Ayorart.sol
100.00,100.00,0x33acef87484005e03f0f054ef6d3c187f5d900e1,../../../../Git/cpg-contract-checker/data-collection/source-code/smart-contract-sanctuary-ethereum/contracts/mainnet/33/33acef87484005e03f0f054ef6d3c187f5d900e1_VFRS2.sol
100.00,100.00,0x94182ad94fc929c879e6d5aa0fea61bca2b55f84,../../../../Git/cpg-contract-checker/data-collection/source-code/smart-contract-sanctuary-ethereum/contracts/mainnet/94/94182ad94fc929c879e6d5aa0fea61bca2b55f84_UNICK.sol
100.00,100.00,0x94283a7acc6d7eafd3efd000242a8bab042f57ac,../../../../Git/cpg-contract-checker/data-collection/source-code/smart-contract-sanctuary-ethereum/contracts/mainnet/94/94283a7acc6d7eafd3efd000242a8bab042f57ac_AKUMU.sol
100.00,100.00,0x33c57dc122a2e0c1dc93c6d2a0dc2277d9f92c42,../../../../Git/cpg-contract-checker/data-collection/source-code/smart-contract-sanctuary-ethereum/contracts/mainnet/33/33c57dc122a2e0c1dc93c6d2a0dc2277d9f92c42_KAYTO.sol
100.00,100.00,0xd75142fb8be5078bafd974a5eb0cde9154ab4f4e,../../../../Git/cpg-contract-checker/data-collection/source-code/smart-contract-sanctuary-ethereum/contracts/mainnet/d7/d75142fb8be5078bafd974a5eb0cde9154ab4f4e_crbn.sol
100.00,100.00,0x041f713b3a53389fa07a115c56d6bb51af8c89a3,../../../../Git/cpg-contract-checker/data-collection/source-code/smart-contract-sanctuary-ethereum/contracts/mainnet/04/041f713b3a53389fa07a115c56d6bb51af8c89a3_MCRWMN.sol
100.00,100.00,0x0497bdc358517bdeb2962284a85c561ab83d6c33,../../../../Git/cpg-contract-checker/data-collection/source-code/smart-contract-sanctuary-ethereum/contracts/mainnet/04/0497bdc358517bdeb2962284a85c561ab83d6c33_DA.sol
100.00,100.00,0xa29aedd51a87ed954c0a586c6cea778da8140300,../../../../Git/cpg-contract-checker/data-collection/source-code/smart-contract-sanctuary-ethereum/contracts/mainnet/a2/a29aedd51a87ed954c0a586c6cea778da8140300_farah.sol
100.00,100.00,0xae7754128cfa496ff3e33daab4691c2ab17c8049,../../../../Git/cpg-contract-checker/data-collection/source-code/smart-contract-sanctuary-ethereum/contracts/mainnet/ae/ae7754128cfa496ff3e33daab4691c2ab17c8049_Terry.sol
100.00,100.00,0x333a2058d5fdba34392107e3af236ed2359c8e55,../../../../Git/cpg-contract-checker/data-collection/source-code/smart-contract-sanctuary-ethereum/contracts/mainnet/33/333a2058d5fdba34392107e3af236ed2359c8e55_ETF.sol
100.00,100.00,0x5634939d099f6e76c9b88ce3d41e9b911b988305,../../../../Git/cpg-contract-checker/data-collection/source-code/smart-contract-sanctuary-ethereum/contracts/mainnet/56/5634939d099f6e76c9b88ce3d41e9b911b988305_ORB.sol
100.00,100.00,0x68ebc2260b361de6843965cd11977162d42b4a74,../../../../Git/cpg-contract-checker/data-collection/source-code/smart-contract-sanctuary-ethereum/contracts/mainnet/68/68ebc2260b361de6843965cd11977162d42b4a74_darko.sol
100.00,100.00,0x68c7a55a0b79840ed064ba1ccc7bd3b4863ff8f0,../../../../Git/cpg-contract-checker/data-collection/source-code/smart-contract-sanctuary-ethereum/contracts/mainnet/68/68c7a55a0b79840ed064ba1ccc7bd3b4863ff8f0_MOG.sol
100.00,100.00,0x59b47db8f31ff4cede1bbe5b017f17cace8307d4,../../../../Git/cpg-contract-checker/data-collection/source-code/smart-contract-sanctuary-ethereum/contracts/mainnet/59/59b47db8f31ff4cede1bbe5b017f17cace8307d4_CTCSM.sol
100.00,100.00,0xd74ac6e0c2408d3b62b93b4e79f5388b5ba7151c,../../../../Git/cpg-contract-checker/data-collection/source-code/smart-contract-sanctuary-ethereum/contracts/mainnet/d7/d74ac6e0c2408d3b62b93b4e79f5388b5ba7151c_ORCFL.sol
100.00,100.00,0x595ed97027e7f94a246bf875c4d74e790e1c340b,../../../../Git/cpg-contract-checker/data-collection/source-code/smart-contract-sanctuary-ethereum/contracts/mainnet/59/595ed97027e7f94a246bf875c4d74e790e1c340b_GDZ.sol
100.00,100.00,0x561bb4bb4193f715990413c8614f01db46282ac3,../../../../Git/cpg-contract-checker/data-collection/source-code/smart-contract-sanctuary-ethereum/contracts/mainnet/56/561bb4bb4193f715990413c8614f01db46282ac3_OTHO.sol
100.00,100.00,0xae1bad7d169aa26c505da39366a2cb9b0429d3ff,../../../../Git/cpg-contract-checker/data-collection/source-code/smart-contract-sanctuary-ethereum/contracts/mainnet/ae/ae1bad7d169aa26c505da39366a2cb9b0429d3ff_WDYS.sol
100.00,100.00,0x59c8b1a4cce058c95aa289ed809816a58cf98326,../../../../Git/cpg-contract-checker/data-collection/source-code/smart-contract-sanctuary-ethereum/contracts/mainnet/59/59c8b1a4cce058c95aa289ed809816a58cf98326_BE.sol
100.00,100.00,0xa288ca0c5d0be5c067bd943604eb9d8cb2c66b18,../../../../Git/cpg-contract-checker/data-collection/source-code/smart-contract-sanctuary-ethereum/contracts/mainnet/a2/a288ca0c5d0be5c067bd943604eb9d8cb2c66b18_PHRZ1.sol
100.00,100.00,0xaec253c8ac940ae0ef399a74f5f38972519ddab3,../../../../Git/cpg-contract-checker/data-collection/source-code/smart-contract-sanctuary-ethereum/contracts/mainnet/ae/aec253c8ac940ae0ef399a74f5f38972519ddab3_DR360.sol
100.00,100.00,0xa21f22d46f9d2e2465f1c85d01e28b90d1160480,../../../../Git/cpg-contract-checker/data-collection/source-code/smart-contract-sanctuary-ethereum/contracts/mainnet/a2/a21f22d46f9d2e2465f1c85d01e28b90d1160480_FUCK.sol
100.00,100.00,0xa210c56f101fdf0180bbf152601a1c9d3483d390,../../../../Git/cpg-contract-checker/data-collection/source-code/smart-contract-sanctuary-ethereum/contracts/mainnet/a2/a210c56f101fdf0180bbf152601a1c9d3483d390_lastleafeditions.sol
100.00,100.00,0x59726815a1d00ae2a0837bb08038612f8b8c09b7,../../../../Git/cpg-contract-checker/data-collection/source-code/smart-contract-sanctuary-ethereum/contracts/mainnet/59/59726815a1d00ae2a0837bb08038612f8b8c09b7_VS1.sol
100.00,100.00,0xa2bd560eb3af23762c50f395f4fc4e15ce399c06,../../../../Git/cpg-contract-checker/data-collection/source-code/smart-contract-sanctuary-ethereum/contracts/mainnet/a2/a2bd560eb3af23762c50f395f4fc4e15ce399c06_PRP.sol
100.00,100.00,0x94dba022c6890e1f99768ea90529a10f208e3673,../../../../Git/cpg-contract-checker/data-collection/source-code/smart-contract-sanctuary-ethereum/contracts/mainnet/94/94dba022c6890e1f99768ea90529a10f208e3673_clbgrld.sol
100.00,100.00,0xa216fe43192347f99fa5cb6ec16d70a2a3126b9b,../../../../Git/cpg-contract-checker/data-collection/source-code/smart-contract-sanctuary-ethereum/contracts/mainnet/a2/a216fe43192347f99fa5cb6ec16d70a2a3126b9b_RWR2.sol
100.00,100.00,0x596b3adb7cf48b52aeb4b1ad04662a21b7ae35f6,../../../../Git/cpg-contract-checker/data-collection/source-code/smart-contract-sanctuary-ethereum/contracts/mainnet/59/596b3adb7cf48b52aeb4b1ad04662a21b7ae35f6_TRZ.sol
100.00,100.00,0xaea7d410174ed4c719c07008cd5e16dd9cedb475,../../../../Git/cpg-contract-checker/data-collection/source-code/smart-contract-sanctuary-ethereum/contracts/mainnet/ae/aea7d410174ed4c719c07008cd5e16dd9cedb475_MP.sol
100.00,100.00,0x94d6b3194710034c3e585083e688e1c94b7d76dd,../../../../Git/cpg-contract-checker/data-collection/source-code/smart-contract-sanctuary-ethereum/contracts/mainnet/94/94d6b3194710034c3e585083e688e1c94b7d76dd_CW.sol
100.00,100.00,0xaef22ceb48d98620751076858bba9ed122bf31d2,../../../../Git/cpg-contract-checker/data-collection/source-code/smart-contract-sanctuary-ethereum/contracts/mainnet/ae/aef22ceb48d98620751076858bba9ed122bf31d2_Board.sol
100.00,100.00,0xae18fb4008427d191164bec7e330089aa2470728,../../../../Git/cpg-contract-checker/data-collection/source-code/smart-contract-sanctuary-ethereum/contracts/mainnet/ae/ae18fb4008427d191164bec7e330089aa2470728_ZRGO.sol
100.00,100.00,0xb5f1300660557bf29f67a3278ff3718e1f683b95,../../../../Git/cpg-contract-checker/data-collection/source-code/smart-contract-sanctuary-ethereum/contracts/mainnet/b5/b5f1300660557bf29f67a3278ff3718e1f683b95_dLeh.sol
100.00,100.00,0xa2f4de7b62955c9564475549634f075adccb0f65,../../../../Git/cpg-contract-checker/data-collection/source-code/smart-contract-sanctuary-ethereum/contracts/mainnet/a2/a2f4de7b62955c9564475549634f075adccb0f65_MMT.sol
100.00,100.00,0x048eac5d75aea808a9213f975d5819f912af6fa3,../../../../Git/cpg-contract-checker/data-collection/source-code/smart-contract-sanctuary-ethereum/contracts/mainnet/04/048eac5d75aea808a9213f975d5819f912af6fa3_SILKYWAYART.sol
100.00,100.00,0xb53d34f7288060006383aed0a92b9fcf88089366,../../../../Git/cpg-contract-checker/data-collection/source-code/smart-contract-sanctuary-ethereum/contracts/mainnet/b5/b53d34f7288060006383aed0a92b9fcf88089366_FOTAED721.sol
100.00,100.00,0x517bd6c3715fda8e0dbc4c20c45bf6bff7381be9,../../../../Git/cpg-contract-checker/data-collection/source-code/smart-contract-sanctuary-ethereum/contracts/mainnet/51/517bd6c3715fda8e0dbc4c20c45bf6bff7381be9_Miami.sol
100.00,100.00,0xd0520515fdfcdbc9034e17ead2456caec34dce0a,../../../../Git/cpg-contract-checker/data-collection/source-code/smart-contract-sanctuary-ethereum/contracts/mainnet/d0/d0520515fdfcdbc9034e17ead2456caec34dce0a_Ma.sol
100.00,100.00,0x5756ce4adc48888ba4778ed7730e19c9aab58828,../../../../Git/cpg-contract-checker/data-collection/source-code/smart-contract-sanctuary-ethereum/contracts/mainnet/57/5756ce4adc48888ba4778ed7730e19c9aab58828_plus1.sol
100.00,100.00,0x945ac67c138dd3fc95a784a29951a1490b0953ac,../../../../Git/cpg-contract-checker/data-collection/source-code/smart-contract-sanctuary-ethereum/contracts/mainnet/94/945ac67c138dd3fc95a784a29951a1490b0953ac_D1M.sol
100.00,100.00,0xa2461d7ac3a7dbc6dbd3ab11a69b41ac98304070,../../../../Git/cpg-contract-checker/data-collection/source-code/smart-contract-sanctuary-ethereum/contracts/mainnet/a2/a2461d7ac3a7dbc6dbd3ab11a69b41ac98304070_LCR.sol
100.00,100.00,0x33094573b99c609db82b21fde1de02e4532ebece,../../../../Git/cpg-contract-checker/data-collection/source-code/smart-contract-sanctuary-ethereum/contracts/mainnet/33/33094573b99c609db82b21fde1de02e4532ebece_man.sol
100.00,100.00,0x59b478f21ba4a6eb726e7e3e59bf46584117c99c,../../../../Git/cpg-contract-checker/data-collection/source-code/smart-contract-sanctuary-ethereum/contracts/mainnet/59/59b478f21ba4a6eb726e7e3e59bf46584117c99c_OBS.sol
100.00,100.00,0xb519e21bd5724e247a120a9c5f1dbf79e01a9245,../../../../Git/cpg-contract-checker/data-collection/source-code/smart-contract-sanctuary-ethereum/contracts/mainnet/b5/b519e21bd5724e247a120a9c5f1dbf79e01a9245_PHOTO.sol
100.00,100.00,0x330e510248344e9dff40d0a0888a0638fc080a76,../../../../Git/cpg-contract-checker/data-collection/source-code/smart-contract-sanctuary-ethereum/contracts/mainnet/33/330e510248344e9dff40d0a0888a0638fc080a76_Mk.sol
100.00,100.00,0xae484e794d0b87affddb0effcb7c4bd3497229b3,../../../../Git/cpg-contract-checker/data-collection/source-code/smart-contract-sanctuary-ethereum/contracts/mainnet/ae/ae484e794d0b87affddb0effcb7c4bd3497229b3_P1PJ.sol
100.00,100.00,0x688ff2c900802649cc17880e2d08a3b7af176e6e,../../../../Git/cpg-contract-checker/data-collection/source-code/smart-contract-sanctuary-ethereum/contracts/mainnet/68/688ff2c900802649cc17880e2d08a3b7af176e6e_DW.sol
100.00,100.00,0x05009760633f19fa2b4fe43b1dfeaca952493206,../../../../Git/cpg-contract-checker/data-collection/source-code/smart-contract-sanctuary-ethereum/contracts/mainnet/05/05009760633f19fa2b4fe43b1dfeaca952493206_LX.sol
100.00,100.00,0x94882199118591f6db1a10cd6ee017bd20cade82,../../../../Git/cpg-contract-checker/data-collection/source-code/smart-contract-sanctuary-ethereum/contracts/mainnet/94/94882199118591f6db1a10cd6ee017bd20cade82_MANU.sol
100.00,100.00,0x5198165a48baf4458bf40a5108832a234f15725d,../../../../Git/cpg-contract-checker/data-collection/source-code/smart-contract-sanctuary-ethereum/contracts/mainnet/51/5198165a48baf4458bf40a5108832a234f15725d_AM.sol
100.00,100.00,0xd093b219b0d31f5861da39fb5672f45f0dcf9c33,../../../../Git/cpg-contract-checker/data-collection/source-code/smart-contract-sanctuary-ethereum/contracts/mainnet/d0/d093b219b0d31f5861da39fb5672f45f0dcf9c33_JUICE.sol
100.00,100.00,0xa23eb9e79151ceea6b2961bda58501f3b52b17b5,../../../../Git/cpg-contract-checker/data-collection/source-code/smart-contract-sanctuary-ethereum/contracts/mainnet/a2/a23eb9e79151ceea6b2961bda58501f3b52b17b5_BCHV.sol
100.00,100.00,0xb5fcfea07a933084f2a60b446ca80887986c9298,../../../../Git/cpg-contract-checker/data-collection/source-code/smart-contract-sanctuary-ethereum/contracts/mainnet/b5/b5fcfea07a933084f2a60b446ca80887986c9298_RAY.sol
100.00,100.00,0x5197a3037afb70bba4c1e1c63e5530b383b6b6f1,../../../../Git/cpg-contract-checker/data-collection/source-code/smart-contract-sanctuary-ethereum/contracts/mainnet/51/5197a3037afb70bba4c1e1c63e5530b383b6b6f1_HOAX.sol
100.00,100.00,0x5969d3aca58776faf42053cd26a285217b0bda83,../../../../Git/cpg-contract-checker/data-collection/source-code/smart-contract-sanctuary-ethereum/contracts/mainnet/59/5969d3aca58776faf42053cd26a285217b0bda83_DA.sol
100.00,100.00,0x595de2e73254bd88d5797b0abda44763768eab1a,../../../../Git/cpg-contract-checker/data-collection/source-code/smart-contract-sanctuary-ethereum/contracts/mainnet/59/595de2e73254bd88d5797b0abda44763768eab1a_lzrbrd.sol
100.00,100.00,0xd7094365f002ec44d11b8f82bc54c63d832fc8de,../../../../Git/cpg-contract-checker/data-collection/source-code/smart-contract-sanctuary-ethereum/contracts/mainnet/d7/d7094365f002ec44d11b8f82bc54c63d832fc8de_SnS.sol
100.00,100.00,0x5612b9cdc1fca50b0a50c659d48fc9857df7f4d0,../../../../Git/cpg-contract-checker/data-collection/source-code/smart-contract-sanctuary-ethereum/contracts/mainnet/56/5612b9cdc1fca50b0a50c659d48fc9857df7f4d0_FTD.sol
100.00,100.00,0xaecc2752c661d99b5c34575b3f5297691b53b50c,../../../../Git/cpg-contract-checker/data-collection/source-code/smart-contract-sanctuary-ethereum/contracts/mainnet/ae/aecc2752c661d99b5c34575b3f5297691b53b50c_ZOT.sol
100.00,100.00,0x337adaf221bd58b26f67904c084c0636abf83d9f,../../../../Git/cpg-contract-checker/data-collection/source-code/smart-contract-sanctuary-ethereum/contracts/mainnet/33/337adaf221bd58b26f67904c084c0636abf83d9f_Who.sol
100.00,100.00,0x33851c4aa12200b41b97110025b1b60bad037f3a,../../../../Git/cpg-contract-checker/data-collection/source-code/smart-contract-sanctuary-ethereum/contracts/mainnet/33/33851c4aa12200b41b97110025b1b60bad037f3a_GAIA.sol
100.00,100.00,0x68d678c4609ab113b82b668d85c6ef3fb69fcf06,../../../../Git/cpg-contract-checker/data-collection/source-code/smart-contract-sanctuary-ethereum/contracts/mainnet/68/68d678c4609ab113b82b668d85c6ef3fb69fcf06_PVNX.sol
100.00,100.00,0xb50948248c87a98d2522b963bb4f559edca77f8d,../../../../Git/cpg-contract-checker/data-collection/source-code/smart-contract-sanctuary-ethereum/contracts/mainnet/b5/b50948248c87a98d2522b963bb4f559edca77f8d_SLY.sol
100.00,100.00,0x33c843e4770b2ae7820749eb850e79f43b261951,../../../../Git/cpg-contract-checker/data-collection/source-code/smart-contract-sanctuary-ethereum/contracts/mainnet/33/33c843e4770b2ae7820749eb850e79f43b261951_BLC.sol
100.00,100.00,0xa27d2b6e413bc4711621e98ba2277d0e3e094b6d,../../../../Git/cpg-contract-checker/data-collection/source-code/smart-contract-sanctuary-ethereum/contracts/mainnet/a2/a27d2b6e413bc4711621e98ba2277d0e3e094b6d_CHXG.sol
100.00,100.00,0xd0602ae54ad47615ef5d7143a0d777c7df8ed5e9,../../../../Git/cpg-contract-checker/data-collection/source-code/smart-contract-sanctuary-ethereum/contracts/mainnet/d0/d0602ae54ad47615ef5d7143a0d777c7df8ed5e9_DRIO.sol
100.00,100.00,0x0572c58491fb2d9c80e14553af10df1d21b6aeb6,../../../../Git/cpg-contract-checker/data-collection/source-code/smart-contract-sanctuary-ethereum/contracts/mainnet/05/0572c58491fb2d9c80e14553af10df1d21b6aeb6_CHICKENB.sol
100.00,100.00,0x04637e5fb8beb283820b74f625face2bae5237fc,../../../../Git/cpg-contract-checker/data-collection/source-code/smart-contract-sanctuary-ethereum/contracts/mainnet/04/04637e5fb8beb283820b74f625face2bae5237fc_EMc21.sol
100.00,100.00,0x5101aed9c6da68a24ee7660266081c45c26f348a,../../../../Git/cpg-contract-checker/data-collection/source-code/smart-contract-sanctuary-ethereum/contracts/mainnet/51/5101aed9c6da68a24ee7660266081c45c26f348a_Hoyobys.sol
100.00,100.00,0xb55d3f08f98b3e9de0bbe0123a6fb00797a4b9a8,../../../../Git/cpg-contract-checker/data-collection/source-code/smart-contract-sanctuary-ethereum/contracts/mainnet/b5/b55d3f08f98b3e9de0bbe0123a6fb00797a4b9a8_MP.sol
100.00,100.00,0x05c578e0e801866df170bebd8a3d74566b267ba6,../../../../Git/cpg-contract-checker/data-collection/source-code/smart-contract-sanctuary-ethereum/contracts/mainnet/05/05c578e0e801866df170bebd8a3d74566b267ba6_bdob.sol
100.00,100.00,0xd0b687c789575b6327c059f976355ca540ccdca4,../../../../Git/cpg-contract-checker/data-collection/source-code/smart-contract-sanctuary-ethereum/contracts/mainnet/d0/d0b687c789575b6327c059f976355ca540ccdca4_IAM.sol
100.00,100.00,0x948e76daa72836814c9d6c126605715f1eb26494,../../../../Git/cpg-contract-checker/data-collection/source-code/smart-contract-sanctuary-ethereum/contracts/mainnet/94/948e76daa72836814c9d6c126605715f1eb26494_SCRIL.sol
100.00,100.00,0x33965d7fea021ce436e02dfcdf87b99c3f3750bd,../../../../Git/cpg-contract-checker/data-collection/source-code/smart-contract-sanctuary-ethereum/contracts/mainnet/33/33965d7fea021ce436e02dfcdf87b99c3f3750bd_MIABT.sol
100.00,100.00,0xd0df8ad6b7945c6b0bc40843587586fe1ef341cf,../../../../Git/cpg-contract-checker/data-collection/source-code/smart-contract-sanctuary-ethereum/contracts/mainnet/d0/d0df8ad6b7945c6b0bc40843587586fe1ef341cf_CLB1.sol
100.00,100.00,0x33044d968d36f98ee3aa01b36bbf6ef9c9bd9707,../../../../Git/cpg-contract-checker/data-collection/source-code/smart-contract-sanctuary-ethereum/contracts/mainnet/33/33044d968d36f98ee3aa01b36bbf6ef9c9bd9707_EVI.sol
100.00,100.00,0xd0c155d9da384e80cc8944884534fbdae6d83cc7,../../../../Git/cpg-contract-checker/data-collection/source-code/smart-contract-sanctuary-ethereum/contracts/mainnet/d0/d0c155d9da384e80cc8944884534fbdae6d83cc7_RUM.sol
100.00,100.00,0x9472dcf94ee67fc2e089bc1abafa72dc5f352fa3,../../../../Git/cpg-contract-checker/data-collection/source-code/smart-contract-sanctuary-ethereum/contracts/mainnet/94/9472dcf94ee67fc2e089bc1abafa72dc5f352fa3_ALANB.sol
100.00,100.00,0x05df8d617e3654aa75d5799119d8712e8598f06d,../../../../Git/cpg-contract-checker/data-collection/source-code/smart-contract-sanctuary-ethereum/contracts/mainnet/05/05df8d617e3654aa75d5799119d8712e8598f06d_SOFTRCS.sol
100.00,100.00,0x590d44f24114792f8ec670fd5656b3ed8d4f26c4,../../../../Git/cpg-contract-checker/data-collection/source-code/smart-contract-sanctuary-ethereum/contracts/mainnet/59/590d44f24114792f8ec670fd5656b3ed8d4f26c4_BLOOD.sol
100.00,100.00,0x0447433bd197f03be984a6053241ae8d347c5539,../../../../Git/cpg-contract-checker/data-collection/source-code/smart-contract-sanctuary-ethereum/contracts/mainnet/04/0447433bd197f03be984a6053241ae8d347c5539_lgb.sol
100.00,100.00,0xb5f39a4864eb819ac8afd18f1dff955c2743f3d0,../../../../Git/cpg-contract-checker/data-collection/source-code/smart-contract-sanctuary-ethereum/contracts/mainnet/b5/b5f39a4864eb819ac8afd18f1dff955c2743f3d0_PPTIME.sol
100.00,100.00,0xae1b06baf217cb09ef56e0cb1c5e123193238616,../../../../Git/cpg-contract-checker/data-collection/source-code/smart-contract-sanctuary-ethereum/contracts/mainnet/ae/ae1b06baf217cb09ef56e0cb1c5e123193238616_PIXPORORIGIN.sol
100.00,100.00,0x04aa40b0b73b02883e78ac2fe8abff862bf728e7,../../../../Git/cpg-contract-checker/data-collection/source-code/smart-contract-sanctuary-ethereum/contracts/mainnet/04/04aa40b0b73b02883e78ac2fe8abff862bf728e7_D3.sol
100.00,100.00,0xaea47226c6715605efce0b5fcd8b915bcadb115d,../../../../Git/cpg-contract-checker/data-collection/source-code/smart-contract-sanctuary-ethereum/contracts/mainnet/ae/aea47226c6715605efce0b5fcd8b915bcadb115d_cnfg.sol
100.00,100.00,0x940eb3833f3e705ecb5549f544134f6f51d926df,../../../../Git/cpg-contract-checker/data-collection/source-code/smart-contract-sanctuary-ethereum/contracts/mainnet/94/940eb3833f3e705ecb5549f544134f6f51d926df_GD.sol
100.00,100.00,0xd76c5a5fc93f3ed122c255114b872a489c00c102,../../../../Git/cpg-contract-checker/data-collection/source-code/smart-contract-sanctuary-ethereum/contracts/mainnet/d7/d76c5a5fc93f3ed122c255114b872a489c00c102_WZRD.sol
100.00,100.00,0x59cc835f05befe9ea498072a65b82d28d88abd74,../../../../Git/cpg-contract-checker/data-collection/source-code/smart-contract-sanctuary-ethereum/contracts/mainnet/59/59cc835f05befe9ea498072a65b82d28d88abd74_LTW.sol
100.00,100.00,0x59192a4bdbea41f841da5851f4b3bf6cb6c17f6e,../../../../Git/cpg-contract-checker/data-collection/source-code/smart-contract-sanctuary-ethereum/contracts/mainnet/59/59192a4bdbea41f841da5851f4b3bf6cb6c17f6e_PTPL.sol
100.00,100.00,0xb5944e57d87bf60356a1ac0119829e1cf8528a98,../../../../Git/cpg-contract-checker/data-collection/source-code/smart-contract-sanctuary-ethereum/contracts/mainnet/b5/b5944e57d87bf60356a1ac0119829e1cf8528a98_ALPHAHOUSE.sol
100.00,100.00,0xb5281bbfd1b0a624a4b4d6bcf1c75e1e7928aed1,../../../../Git/cpg-contract-checker/data-collection/source-code/smart-contract-sanctuary-ethereum/contracts/mainnet/b5/b5281bbfd1b0a624a4b4d6bcf1c75e1e7928aed1_J6C6.sol
100.00,100.00,0x59E41c9fF8FcB27a705b9129451f98c0D4E36319,../../../../Git/cpg-contract-checker/data-collection/source-code/smart-contract-sanctuary-ethereum/contracts/mainnet/59/59E41c9fF8FcB27a705b9129451f98c0D4E36319_SGHAR.sol
100.00,100.00,0x05c824f8d21128dbae373a60dde2f1d7f12328af,../../../../Git/cpg-contract-checker/data-collection/source-code/smart-contract-sanctuary-ethereum/contracts/mainnet/05/05c824f8d21128dbae373a60dde2f1d7f12328af_SKINS.sol
100.00,100.00,0x04fb2d1d2f0cf959d7030e6a98ef87d0f5fe5ba8,../../../../Git/cpg-contract-checker/data-collection/source-code/smart-contract-sanctuary-ethereum/contracts/mainnet/04/04fb2d1d2f0cf959d7030e6a98ef87d0f5fe5ba8_AFA.sol
100.00,100.00,0x51c4c61f4d9969710b9623aeb62b3691e6445e72,../../../../Git/cpg-contract-checker/data-collection/source-code/smart-contract-sanctuary-ethereum/contracts/mainnet/51/51c4c61f4d9969710b9623aeb62b3691e6445e72_MYSTERIOUS.sol
100.00,100.00,0x9494fa95d7987718da9ecef224f8520f5fa20fe3,../../../../Git/cpg-contract-checker/data-collection/source-code/smart-contract-sanctuary-ethereum/contracts/mainnet/94/9494fa95d7987718da9ecef224f8520f5fa20fe3_BRINKMINT.sol
100.00,100.00,0x055294dc81e89b4ddd5029ffba7a0de5cfaae5cf,../../../../Git/cpg-contract-checker/data-collection/source-code/smart-contract-sanctuary-ethereum/contracts/mainnet/05/055294dc81e89b4ddd5029ffba7a0de5cfaae5cf_NFTAPORTER.sol
100.00,100.00,0xae553789baf52a3debfee1f5f19fcbbc5a9a87ef,../../../../Git/cpg-contract-checker/data-collection/source-code/smart-contract-sanctuary-ethereum/contracts/mainnet/ae/ae553789baf52a3debfee1f5f19fcbbc5a9a87ef_CG.sol
100.00,100.00,0x04ab7c20ae390a0f4df6dc4b6d0c0e291e7c2b32,../../../../Git/cpg-contract-checker/data-collection/source-code/smart-contract-sanctuary-ethereum/contracts/mainnet/04/04ab7c20ae390a0f4df6dc4b6d0c0e291e7c2b32_AS.sol
100.00,100.00,0xa2fa912fd5d52b889462ebb9c70445b0d5dec21f,../../../../Git/cpg-contract-checker/data-collection/source-code/smart-contract-sanctuary-ethereum/contracts/mainnet/a2/a2fa912fd5d52b889462ebb9c70445b0d5dec21f_SS6.sol
100.00,100.00,0x940ef21ae9922333a8515765db70074f47639411,../../../../Git/cpg-contract-checker/data-collection/source-code/smart-contract-sanctuary-ethereum/contracts/mainnet/94/940ef21ae9922333a8515765db70074f47639411_FKCRT.sol
100.00,100.00,0x3371345a8cae1fe3b0d2f5bdc547df6cd6404e2a,../../../../Git/cpg-contract-checker/data-collection/source-code/smart-contract-sanctuary-ethereum/contracts/mainnet/33/3371345a8cae1fe3b0d2f5bdc547df6cd6404e2a_VVM.sol
100.00,100.00,0xd0987879afdc30d0cb250c32d7f1a554602f091d,../../../../Git/cpg-contract-checker/data-collection/source-code/smart-contract-sanctuary-ethereum/contracts/mainnet/d0/d0987879afdc30d0cb250c32d7f1a554602f091d_GALAVIS.sol
100.00,100.00,0x04b481acd0d3b5649fcf00cedaef8b48cdf15d3f,../../../../Git/cpg-contract-checker/data-collection/source-code/smart-contract-sanctuary-ethereum/contracts/mainnet/04/04b481acd0d3b5649fcf00cedaef8b48cdf15d3f_DBP.sol
100.00,100.00,0xb54b77da2dbf022c2be38f2908fc8339da931884,../../../../Git/cpg-contract-checker/data-collection/source-code/smart-contract-sanctuary-ethereum/contracts/mainnet/b5/b54b77da2dbf022c2be38f2908fc8339da931884_TLF.sol
100.00,100.00,0xd0c54cb747e6ba64bda374fb7eef4c24ffeb5692,../../../../Git/cpg-contract-checker/data-collection/source-code/smart-contract-sanctuary-ethereum/contracts/mainnet/d0/d0c54cb747e6ba64bda374fb7eef4c24ffeb5692_ESWNG.sol
100.00,100.00,0x04d52894fd44f76e4166e7d9095549fd07c93e9b,../../../../Git/cpg-contract-checker/data-collection/source-code/smart-contract-sanctuary-ethereum/contracts/mainnet/04/04d52894fd44f76e4166e7d9095549fd07c93e9b_eGOOOL.sol
100.00,100.00,0xa2d119d43337cc4da5b3474554bf9c19b01f03ff,../../../../Git/cpg-contract-checker/data-collection/source-code/smart-contract-sanctuary-ethereum/contracts/mainnet/a2/a2d119d43337cc4da5b3474554bf9c19b01f03ff_OMNIX.sol
100.00,100.00,0xa2629d905f5b15e23e5476d91ed7945bc40692e6,../../../../Git/cpg-contract-checker/data-collection/source-code/smart-contract-sanctuary-ethereum/contracts/mainnet/a2/a2629d905f5b15e23e5476d91ed7945bc40692e6_REM.sol
100.00,100.00,0x04ad2f22b61a9019578b64a0cd70f09ac471c8c6,../../../../Git/cpg-contract-checker/data-collection/source-code/smart-contract-sanctuary-ethereum/contracts/mainnet/04/04ad2f22b61a9019578b64a0cd70f09ac471c8c6_IRVING.sol
100.00,100.00,0x57d8800ec3173d4eb834f09e87c2f9d585ff9676,../../../../Git/cpg-contract-checker/data-collection/source-code/smart-contract-sanctuary-ethereum/contracts/mainnet/57/57d8800ec3173d4eb834f09e87c2f9d585ff9676_wrgns.sol
100.00,100.00,0x042ab8cc16ef09a660d893f55a2531e41db83183,../../../../Git/cpg-contract-checker/data-collection/source-code/smart-contract-sanctuary-ethereum/contracts/mainnet/04/042ab8cc16ef09a660d893f55a2531e41db83183_ESH.sol
100.00,100.00,0x9417fefdc964aab94de7122c6c8e1eed65a3cc9e,../../../../Git/cpg-contract-checker/data-collection/source-code/smart-contract-sanctuary-ethereum/contracts/mainnet/94/9417fefdc964aab94de7122c6c8e1eed65a3cc9e_MAGIC.sol
100.00,100.00,0xb5dbbd6dbfeed63b69a15ec1908ef1641b72b1bd,../../../../Git/cpg-contract-checker/data-collection/source-code/smart-contract-sanctuary-ethereum/contracts/mainnet/b5/b5dbbd6dbfeed63b69a15ec1908ef1641b72b1bd_SGTSL8RMLN.sol
